index,Country,CountryCode,year,PetrolTax,GHGEmissions,GDP,Population_density,Land_area,Density_raillines,Oil_consumption,GHGEmissions_log,Land_area_log
0,Australia,AUS,2010,0.2895981,88652.75,943487.934,2.862599,7682300.0,0.11214594587558,82.6,11.3924823318898,15.854429539455587
1,Australia,AUS,2011,0.2803362,91270.55,993249.916,2.906523,7682300.0,0.11493060671934,115.66,11.421583451569242,15.854429539455587
2,Australia,AUS,2012,0.2754801,91810.4,998266.252,2.954916,7682300.0,NaN,117.78,11.42748085995213,15.854429539455587
3,Australia,AUS,2013,0.2688926,93157.12,1105431.18,3.004645,7682300.0,NaN,114.19,11.442042808964809,15.854429539455587
4,Australia,AUS,2014,0.2632259,93120.28,1118585.036,3.0511594,7682300.0,NaN,107.05,11.441647269833597,15.854429539455587
5,Australia,AUS,2015,0.2649112,95256.06,1125701.148,3.0967472,7682300.0,NaN,57.9,11.464323913012395,15.854429539455587
6,Australia,AUS,2016,0.2649201,96247.37,1213233.545,3.1455595,7692020.0,NaN,46.87,11.47467692710138,15.855693985791431
7,Australia,AUS,2017,0.2641272,97873.73,1248366.725,3.1968634,7692020.0,NaN,56.99,11.491433457474564,15.855693985791431
8,Australia,AUS,2018,0.2646532,100147.87,1326195.638,3.2474213,7692020.0,0.11950046931755,76.03,11.514403072769943,15.855693985791431
9,Australia,AUS,2019,0.264582,100204.51,1341053.276,3.2965553,7692020.0,0.1183174250717,70.21,11.514968476600023,15.855693985791431
10,Austria,AUT,2010,0.6722034,22566.96,351323.808,101.343056,82520.0,6.4844886088221,80.0,10.024242168670671,11.320795967185187
11,Austria,AUT,2011,0.7049698,21916.32,373031.477,101.686874,82520.0,5.9585555016966,110.92,9.994986843756308,11.320795967185187
12,Austria,AUT,2012,0.6882775,21732.3,391635.176,102.1527,82520.0,6.0409597673291,112.5,9.986554912104017,11.320795967185187
13,Austria,AUT,2013,0.6515199,22911.18,406370.245,102.757416,82520.0,5.9985458070771,110.63,10.039380280013782,11.320795967185187
14,Austria,AUT,2014,0.6232699,22225.64,417059.519,103.563576,82520.0,6.0058167716917,103.81,10.009001856367947,11.320795967185187
15,Austria,AUT,2015,0.6177819,22702.12,430975.924,104.73124,82520.0,5.982792050412,55.52,10.03021359117921,11.320795967185187
16,Austria,AUT,2016,0.6123223,23554.97,460282.647,105.87119,82520.0,5.9585555016966,42.89,10.067092117518387,11.320795967185187
17,Austria,AUT,2017,0.5998381,24304.96,476590.588,106.61048,82520.0,6.0021812893844,54.73,10.098435723726299,11.320795967185187
18,Austria,AUT,2018,0.5880861,24422.26,503361.417,107.13182,82520.0,6.0046049442559,71.12,10.103250290475025,11.320795967185187
19,Austria,AUT,2019,0.5792184,24471.82,530139.203,107.609535,82520.0,6.020358700921,64.52,10.105277530458805,11.320795967185187
20,Belgium,BEL,2010,0.8334149,26707.87,434058.868,359.2453,30280.0,11.829590488771,79.65,10.19271355751047,10.318242707551384
21,Belgium,BEL,2011,0.8049821,26304.24,451932.625,361.81445,30280.0,11.846103038309,110.5,10.177485421901874,10.318242707551384
22,Belgium,BEL,2012,0.7827546,25483.1,469720.336,364.3045,30280.0,11.862615587847,110.83,10.145770766335865,10.318242707551384
23,Belgium,BEL,2013,0.7741377,24995.69,487343.796,366.68625,30280.0,11.9270145310435,108.45,10.12645868898775,10.318242707551384
24,Belgium,BEL,2014,0.7715145,25243.3,503619.623,369.11252,30280.0,11.99141347424,98.49,10.136316052958232,10.318242707551384
25,Belgium,BEL,2015,0.7676772,26918.59,520877.807,371.4764,30280.0,11.91215323646,51.65,10.200572404972357,10.318242707551384
26,Belgium,BEL,2016,0.7545156,26633.73,550677.566,373.73965,30280.0,11.895640686922,42.06,10.18993373659237,10.318242707551384
27,Belgium,BEL,2017,0.7312896,26058.43,573788.528,375.97394,30280.0,11.905548216645,53.01,10.168096603276892,10.318242707551384
28,Belgium,BEL,2018,0.7154217,26232.44,600269.926,378.0911,30280.0,11.91215323646,70.57,10.174752091790339,10.318242707551384
29,Belgium,BEL,2019,0.6960599,25993.75,641140.489,380.1377,30280.0,11.93857331572,63.78,10.165611403491221,10.318242707551384
30,Canada,CAN,2010,0.2607728,161306.62,1363578.975,3.7881963,8965590.0,0.7028539114548,79.14,11.991062304808628,16.008904474345012
31,Canada,CAN,2011,0.2797499,159436.13,1430807.125,3.8283634,8965590.0,0.7028539114548,110.8,11.979398682138507,16.008904474345012
32,Canada,CAN,2012,0.2818685,159856.58,1468094.965,3.869447,8965590.0,0.7028539114548,110.61,11.982032317231656,16.008904474345012
33,Canada,CAN,2013,0.2810603,163700.7,1554122.745,3.910919,8965590.0,0.69432128839262,108.6,12.005795039464928,16.008904474345012
34,Canada,CAN,2014,0.2778318,163298.01,1621396.709,3.9489443,8965590.0,0.69394206070097,98.6,12.003332092723864,16.008904474345012
35,Canada,CAN,2015,0.2708875,161491.25,1594850.842,3.9854734,8965590.0,0.70799579280337,53.48,11.99220624061052,16.008904474345012
36,Canada,CAN,2016,0.2653539,160410.9,1678093.396,4.028015,8965590.0,0.68891171690876,43.6,11.985493927217927,16.008904474345012
37,Canada,CAN,2017,0.2717646,162757.4,1765763.154,4.0771823,8965590.0,0.68894517817567,54.3,12.000016027547138,16.008904474345012
38,Canada,CAN,2018,0.273764,167075.7,1852987.755,4.130822,8965590.0,0.70222930113913,70.88,12.026202282105643,16.008904474345012
39,Canada,CAN,2019,0.2773339,168097.03,1873760.081,4.1851773,8965590.0,0.72261836644326,63.12,12.032296651185895,16.008904474345012
40,Czech Republic,CZE,2010,1.066954,16795.0,292032.224,135.55634,77230.0,12.260582675126,79.04,9.728836502046393,11.25454326156331
41,Czech Republic,CZE,2011,1.046883,16621.82,304400.914,135.96605,77230.0,12.262281496828,110.42,9.718471569032559,11.25454326156331
42,Czech Republic,CZE,2012,1.013561,16333.54,307490.199,136.15628,77230.0,12.259827787129,112.33,9.70097594140583,11.25454326156331
43,Czech Republic,CZE,2013,0.9991896,16205.14,324029.978,136.20139,77220.0,12.249457394457,110.26,9.693083754847184,11.254413769818226
44,Czech Republic,CZE,2014,0.9957644,16720.37,342099.837,136.23547,77220.0,12.24761978762,102.13,9.724383015580448,11.254413769818226
45,Czech Republic,CZE,2015,0.9926932,17480.41,357503.881,136.32126,77210.0,12.261226525062,54.91,9.768836104312028,11.254284261302862
46,Czech Republic,CZE,2016,0.9859545,18158.64,381420.335,136.37027,77210.0,12.255779044165,42.8,9.806901759483056,11.254284261302862
47,Czech Republic,CZE,2017,0.962371,18659.93,411327.86,136.4186,77210.0,12.184950135993,53.69,9.834133723054535,11.254284261302862
48,Czech Republic,CZE,2018,0.9421199,18848.15,437355.916,136.46112,77210.0,12.182359797954,71.51,9.84417004482372,11.254284261302862
49,Czech Republic,CZE,2019,0.9160324,19018.74,471832.671,136.49063,77205.5,12.170117413915,64.39,9.853180087848232,11.254225976998484
50,Denmark,DNK,2010,0.6231377,13556.7,238555.117,138.77126,40000.0,6.5675,80.4,9.514636169044989,10.596634733096073
51,Denmark,DNK,2011,0.6111673,13260.54,247352.237,139.4004,40000.0,6.59,112.77,9.492547986892555,10.596634733096073
52,Denmark,DNK,2012,0.6076128,12678.11,250524.599,140.02388,40000.0,6.59,107.9,9.44763216325386,10.596634733096073
53,Denmark,DNK,2013,0.6138982,12466.28,262368.12,140.63483,40000.0,6.59,107.25,9.430782678210726,10.596634733096073
54,Denmark,DNK,2014,0.6241634,12574.42,270330.607,141.26636,40000.0,6.5825,100.19,9.439419870643793,10.596634733096073
55,Denmark,DNK,2015,0.6254624,12754.2,278748.365,141.94487,40000.0,6.4325,52.43,9.453615908107135,10.596634733096073
56,Denmark,DNK,2016,0.6276244,13051.36,297719.06,142.6714,40000.0,6.4,44.69,9.476647621880266,10.596634733096073
57,Denmark,DNK,2017,0.6203375,13246.23,319130.165,143.43214,40000.0,6.27,55.4,9.491468262626624,10.596634733096073
58,Denmark,DNK,2018,0.6186798,13497.64,333035.355,144.16722,40000.0,6.35,72.04,9.510270134329815,10.596634733096073
59,Denmark,DNK,2019,0.6212031,13317.45,348345.911,144.89697,40000.0,6.705,64.88,9.496830484325686,10.596634733096073
60,Finland,FIN,2010,0.7516333,12668.07,208926.59,17.645847,303900.0,1.9476801579467,79.1,9.446839933377397,12.624453978904885
61,Finland,FIN,2011,0.7274724,12490.35,220471.171,17.727753,303890.0,1.9559709105268,109.23,9.432711625144938,12.624421072802445
62,Finland,FIN,2012,0.7339843,12182.09,221285.636,17.812283,303890.0,1.9559709105268,110.47,9.407722119318572,12.624421072802445
63,Finland,FIN,2013,0.7232919,11959.58,225679.983,17.894562,303890.0,1.9559709105268,107.57,9.389287909831149,12.624421072802445
64,Finland,FIN,2014,0.7401621,10837.22,228058.636,17.968796,303890.0,1.9559709105268,97.53,9.290741784538197,12.624421072802445
65,Finland,FIN,2015,0.7509609,10845.43,232867.602,18.028088,303910.0,1.9489322496792,49.28,9.291499072083065,12.624486883924549
66,Finland,FIN,2016,0.7482916,12056.82,246928.493,18.07994,303910.0,1.9499193840282,42.19,9.397385753919034,12.624486883924549
67,Finland,FIN,2017,0.7657956,11457.94,262026.563,18.122478,303920.0,1.9498552250592,53.04,9.346438218438841,12.624519787861507
68,Finland,FIN,2018,0.7575304,11653.47,273455.993,18.146559,303920.0,1.9498552250592,68.49,9.36335926872138,12.624519787861507
69,Finland,FIN,2019,0.7496915,11244.4,286082.927,18.166542,303930.0,1.9488040009213,63.58,9.3276255059223,12.624552690715833
70,France,FRA,2010,0.7913744,134851.99,2334557.742,114.04213,547557.0,5.4659149641042,79.78,11.81193308559655,13.213221844842806
71,France,FRA,2011,0.7814038,135735.13,2446474.544,114.646095,547557.0,5.4918483372507,111.78,11.81846069220144,13.213221844842806
72,France,FRA,2012,0.7570186,134135.69,2474005.287,115.186935,547557.0,5.370399793994,112.01,11.806607178527718,13.213221844842806
73,France,FRA,2013,0.7623506,133748.88,2608523.504,115.668655,547557.0,5.475046433522,109.56,11.803719290891417,13.213221844842806
74,France,FRA,2014,0.7584992,133367.18,2662032.873,116.13128,547557.0,5.37341317890195,99.4,11.80086135520755,13.213221844842806
75,France,FRA,2015,0.7798592,134939.17,2718495.127,116.53539,547557.0,5.2717799242819,53.14,11.812579363280626,13.213221844842806
76,France,FRA,2016,0.7995449,135244.9,2864105.631,116.863304,547557.0,5.339471507076,43.48,11.814842488049521,13.213221844842806
77,France,FRA,2017,0.8056509,135382.68,2983010.673,117.145966,547557.0,5.341570284007,54.47,11.815860713996072,13.213221844842806
78,France,FRA,2018,0.8291613,132743.22,3125379.86,117.390175,547557.0,5.1576365565594,71.59,11.796171864353564,13.213221844842806
79,France,FRA,2019,0.8202252,132123.08,3403158.941,117.612885,547557.0,5.1422956879375,64.98,11.791489191373481,13.213221844842806
80,Germany,DEU,2010,0.9019244,153867.65,3185267.891,232.76306,348570.0,10.86639699343,78.49,11.943848096302053,12.761594349845018
81,Germany,DEU,2011,0.8835884,156009.17,3415019.966,233.0444,348560.0,10.857815010328,110.63,11.957670066555359,12.761565660791323
82,Germany,DEU,2012,0.8661911,154538.98,3487234.448,233.3941,348540.0,10.885694611809,112.21,11.948201641232844,12.761508280214633
83,Germany,DEU,2013,0.8533505,158913.81,3628559.337,233.78056,348880.0,10.851868837423,109.62,11.976117258754645,12.762483302516648
84,Germany,DEU,2014,0.8456818,159809.74,3807114.521,234.2907,348900.0,10.826884494124,99.76,11.98173926164585,12.762540627174866
85,Germany,DEU,2015,0.8413538,162767.54,3889081.896,234.90436,348860.0,11.026199621625,52.65,12.00007832692121,12.762425974572126
86,Germany,DEU,2016,0.8372371,165683.52,4165169.905,235.64336,349360.0,11.05535836959,42.8,12.017834741618765,12.763858188159443
87,Germany,DEU,2017,0.8247863,168699.2,4386729.188,236.48178,349370.0,11.046741277156,54.02,12.035872526376995,12.763886811518969
88,Germany,DEU,2018,0.8107434,163180.57,4576056.532,237.26122,349380.0,10.99547770336,70.5,12.002612658051822,12.763915434059221
89,Germany,DEU,2019,0.7991893,164868.36,4770495.488,237.9809,349390.0,10.988866309854,64.43,12.012902616274598,12.763944055780247
90,Greece,GRC,2010,1.026899,22447.65,310415.31,85.59956,128900.0,1.9798293250582,78.97,10.01894121063124,11.766792188927278
91,Greece,GRC,2011,1.073087,20093.8,285079.561,85.37417,128900.0,1.9813809154383,109.41,9.90816658875286,11.766792188927278
92,Greece,GRC,2012,1.057213,16723.65,275143.683,85.055336,128900.0,1.7129557796742,111.92,9.724579164249809,11.766792188927278
93,Greece,GRC,2013,1.067053,16502.58,284949.076,84.67417,128900.0,1.7571761055081,107.61,9.711272011301517,11.766792188927278
94,Greece,GRC,2014,1.08123,16531.42,290011.379,84.274414,128900.0,1.7362296353763,95.55,9.71301809154171,11.766792188927278
95,Greece,GRC,2015,1.100332,17082.3,289570.644,83.837425,128900.0,1.7377812257564,49.32,9.745798118698206,11.766792188927278
96,Greece,GRC,2016,1.109493,17418.41,296466.614,83.39598,128900.0,1.7377812257564,40.08,9.765282971843488,11.766792188927278
97,Greece,GRC,2017,1.146319,17194.88,307636.013,82.94981,128900.0,1.7377812257564,50.81,9.752366944069117,11.766792188927278
98,Greece,GRC,2018,1.139191,17424.89,317881.481,82.49244,128900.0,1.7788983708301,68.14,9.765654922839788,11.766792188927278
99,Greece,GRC,2019,1.136316,17837.12,334033.617,82.03278,128900.0,1.7688130333592,62.24,9.789036958124393,11.766792188927278
100,Ireland,IRL,2010,0.7011403,11522.1,197036.295,65.678345,68890.0,2.7856002322543,80.95,9.352022209303442,11.140266308587242
101,Ireland,IRL,2011,0.6861807,11213.47,206639.608,65.967545,68890.0,2.7856002322543,113.92,9.324871013216084,11.140266308587242
102,Ireland,IRL,2012,0.7293099,10825.79,212883.421,66.25853,68890.0,2.7856002322543,115.64,9.289686529422617,11.140266308587242
103,Ireland,IRL,2013,0.7256185,11050.11,221005.187,66.61098,68890.0,2.749310494992,110.46,9.310195661647482,11.140266308587242
104,Ireland,IRL,2014,0.7242966,11332.12,238656.914,67.094864,68890.0,2.1164174771375,99.87,9.335396450375454,11.140266308587242
105,Ireland,IRL,2015,0.7264022,11810.52,325443.078,67.72774,68890.0,2.1164174771375,53.54,9.376745938704737,11.140266308587242
106,Ireland,IRL,2016,0.7510473,12292.53,339580.36,68.453926,68890.0,3.1557555523298,45.03,9.416747039795624,11.140266308587242
107,Ireland,IRL,2017,0.7484981,12013.59,375788.611,69.267815,68890.0,2.7406009580491,55.01,9.393793787975767,11.140266308587242
108,Ireland,IRL,2018,0.7448611,12188.38,413324.138,70.17718,68890.0,2.7406009580491,72.18,9.408238317827642,11.140266308587242
109,Ireland,IRL,2019,0.742179,12196.55,442259.298,71.07013,68890.0,2.7406009580491,65.03,9.408908403844352,11.140266308587242
110,Italy,ITA,2010,0.8209842,115908.96,2083996.379,202.2963,295718.0,5.6485232552635,79.29,11.66056033436389,12.59716157649383
111,Italy,ITA,2011,0.8462846,114909.36,2173169.961,202.98445,295718.0,5.6561994873494,110.23,11.65189892265998,12.59716157649383
112,Italy,ITA,2012,0.9855168,107527.49,2172383.108,203.5397,295718.0,5.661339519407,112.18,11.585501814789064,12.59716157649383
113,Italy,ITA,2013,0.9890913,104427.92,2187376.607,203.95378,295718.0,5.6647211194449,109.98,11.55625235162705,12.59716157649383
114,Italy,ITA,2014,0.9894316,109268.97,2200256.409,203.98825,295718.0,5.654914479335,99.09,11.601567736328363,12.59716157649383
115,Italy,ITA,2015,0.9863303,106693.81,2240922.483,203.6843,295718.0,5.6553202713396,52.06,11.577718422486118,12.59716157649383
116,Italy,ITA,2016,0.9872585,105609.99,2420672.141,203.29784,295718.0,5.6771315915839,42.33,11.567508248052512,12.59716157649383
117,Italy,ITA,2017,0.9752961,101538.28,2517184.468,202.9103,295718.0,5.6767596155797,53.17,11.52819114922063,12.59716157649383
118,Italy,ITA,2018,0.964327,105134.01,2600326.872,202.48221,295718.0,5.6745953915555,70.88,11.562991101093655,12.59716157649383
119,Italy,ITA,2019,0.9584684,106339.65,2735577.365,201.97667,295717.0,5.6738706263083,64.7,11.574393495723216,12.597158194888076
120,Japan,JPN,2010,0.5592116,224196.78,4525401.306,351.45523,364500.0,5.5254595336077,79.43,12.32027942734043,12.80628183043085
121,Japan,JPN,2011,0.5607123,219248.21,4629400.467,351.18588,364500.0,5.5109465020576,109.3,12.29795974600498,12.80628183043085
122,Japan,JPN,2012,0.5616316,220022.87,4799612.88,350.7646,364500.0,5.3320713305898,114.75,12.301486774477054,12.80628183043085
123,Japan,JPN,2013,0.5615698,217040.88,5021591.104,350.2851,364500.0,5.3320987654321,110.61,12.28784100187675,12.80628183043085
124,Japan,JPN,2014,0.5483032,212000.16,5034454.619,349.73038,364500.0,NaN,104.16,12.264342308370846,12.80628183043085
125,Japan,JPN,2015,0.5446123,210678.43,5199915.223,349.11093,364500.0,NaN,54.2,12.258088221509563,12.80628183043085
126,Japan,JPN,2016,0.5471356,208827.64,5158900.414,348.40564,364500.0,NaN,41.79,12.249264501708687,12.80628183043085
127,Japan,JPN,2017,0.5452173,206987.36,5262254.967,347.49646,364500.0,NaN,54.42,12.240413007581164,12.80628183043085
128,Japan,JPN,2018,0.5399268,204723.11,5344060.937,346.38098,364500.0,NaN,72.85,12.229413662199327,12.80628183043085
129,Japan,JPN,2019,0.5373633,200693.27,5352898.847,345.10748,364500.0,NaN,66.78,12.209533001586424,12.80628183043085
130,Republic of Korea,KOR,2010,0.9785297,85444.87,1572680.44,500.13358,97200.0,3.7225308641975,78.72,11.355626651633306,11.48452599044853
131,Republic of Korea,KOR,2011,0.9406601,85115.57,1625275.456,503.78976,97190.0,3.7423603251363,108.63,11.351765259048195,11.484423104497516
132,Republic of Korea,KOR,2012,0.9205262,86480.88,1684562.928,508.547,97310.0,3.7510019525229,113.24,11.3676786280245,11.485657037816035
133,Republic of Korea,KOR,2013,0.9087006,88405.29,1726902.753,513.3015,97426.0,3.7629585531583,108.59,11.389687088464255,11.48684839446011
134,Republic of Korea,KOR,2014,0.8972631,88716.98,1792600.237,518.01276,97430.0,3.7650620958637,101.24,11.393206581769503,11.486889450419387
135,Republic of Korea,KOR,2015,0.8909709,94191.93,1933588.947,522.4836,97445.0,4.0474113602545,53.32,11.453089788104865,11.487043395256125
136,Republic of Korea,KOR,2016,0.8823972,98774.94,2026967.822,525.71704,97489.0,4.1758557375704,41.0,11.500599207838253,11.487494830108405
137,Republic of Korea,KOR,2017,0.8655661,98329.84,2103651.26,527.7832,97510.0,4.1749564147267,53.47,11.496082820599076,11.487710215829164
138,Republic of Korea,KOR,2018,0.8338947,98102.18,2220442.286,529.47644,97520.0,4.3068088597211,71.56,11.493764867528766,11.487812764155153
139,Republic of Korea,KOR,2019,0.7883548,100988.8,2247126.568,530.777,97600.0,4.2101946721311,65.42,11.522764898585416,11.488632772401184
140,Netherlands,NLD,2010,0.9748222,34774.44,748383.899,493.529,33730.0,8.9327008597688,78.55,10.456637913139335,10.426142928055697
141,Netherlands,NLD,2011,0.9541302,34671.02,777880.907,496.03415,33720.0,8.935349940688,109.19,10.453659458494355,10.425846412115792
142,Netherlands,NLD,2012,0.9469508,33160.06,792041.828,498.5238,33720.0,8.935349940688,111.54,10.40910141865652,10.425846412115792
143,Netherlands,NLD,2013,0.945965,31648.68,827475.788,500.96085,33690.0,8.9433066191748,108.55,10.36245172054146,10.424956336400598
144,Netherlands,NLD,2014,0.953127,29081.35,830318.43,503.53668,33690.0,8.9997031760166,99.22,10.277852354228783,10.424956336400598
145,Netherlands,NLD,2015,0.9558376,29250.57,851884.697,506.12146,33670.0,9.002079002079,51.66,10.283654339649617,10.42436251215512
146,Netherlands,NLD,2016,0.9577441,29355.37,890488.555,508.5985,33670.0,9.0822690822691,41.62,10.287230772745202,10.42436251215512
147,Netherlands,NLD,2017,0.9473653,30160.65,943739.619,511.05447,33670.0,9.0733590733591,52.63,10.314293373613795,10.42436251215512
148,Netherlands,NLD,2018,0.9314972,30309.43,996447.288,513.39594,33670.0,9.1416691416691,69.99,10.319214164200325,10.42436251215512
149,Netherlands,NLD,2019,0.9075937,29847.04,1044307.685,515.68933,33670.0,9.1416691416691,63.96,10.303840951424762,10.42436251215512
150,New Zealand,NZL,2010,0.4243495,13349.43,135849.502,16.50657,263310.0,NaN,80.62,9.499228966287655,12.481087324254274
151,New Zealand,NZL,2011,0.4170027,13332.41,143362.869,16.639223,263310.0,NaN,112.38,9.49795319203007,12.481087324254274
152,New Zealand,NZL,2012,0.4172683,13007.11,145417.047,16.749401,263310.0,NaN,117.7,9.473251410012681,12.481087324254274
153,New Zealand,NZL,2013,0.4309368,13081.55,160992.629,16.902666,263310.0,NaN,113.43,9.47895811951949,12.481087324254274
154,New Zealand,NZL,2014,0.4461032,13339.87,168435.427,17.144043,263310.0,NaN,105.96,9.498512574294695,12.481087324254274
155,New Zealand,NZL,2015,0.4549675,13814.35,172758.809,17.43417,263310.0,NaN,57.99,9.53346318594298,12.481087324254274
156,New Zealand,NZL,2016,0.4525683,13906.7,188250.858,17.728487,263310.0,NaN,44.91,9.540126017375654,12.481087324254274
157,New Zealand,NZL,2017,0.4422119,14803.83,203156.734,18.025343,263310.0,NaN,55.91,9.602641210057243,12.481087324254274
158,New Zealand,NZL,2018,0.449641,15126.26,208311.966,18.375786,263310.0,NaN,75.68,9.624187585214433,12.481087324254274
159,New Zealand,NZL,2019,0.4825674,14655.0,228165.068,18.833439,263310.0,NaN,69.27,9.592536853144992,12.481087324254274
160,Norway,NOR,2010,0.5905147,13931.38,284685.067,13.422861,365244.0,1.0836591429291,81.06,9.541899128629447,12.808320902373296
161,Norway,NOR,2011,0.5938198,13994.47,309370.337,13.598048,365244.0,1.0705172432675,111.18,9.546417530564346,12.808320902373296
162,Norway,NOR,2012,0.5982879,14137.3,330093.373,13.777833,365244.0,1.0653152413181,108.23,9.556571973551542,12.808320902373296
163,Norway,NOR,2013,0.5974141,14190.81,342254.475,13.946957,365123.0,1.0673116804268,109.07,9.560349850977378,12.807989562098868
164,Norway,NOR,2014,0.5967789,14551.57,340765.256,14.104138,365108.0,1.0698204366927,101.61,9.585454170558513,12.807948479208653
165,Norway,NOR,2015,0.5861115,14348.97,315145.02,14.248067,365190.7,1.066839872976,51.29,9.57143344160819,12.808174961880342
166,Norway,NOR,2016,0.5796334,13844.94,310303.322,14.374984,365145.8,1.066697397776,46.12,9.535675101901198,12.808052004859691
167,Norway,NOR,2017,0.5947398,13050.18,340837.014,14.486998,365123.0,1.0667638028829,53.7,9.476557205759164,12.807989562098868
168,Norway,NOR,2018,0.5880286,13242.83,373182.531,14.5828705,365108.0,1.0646164970365,72.69,9.491211552874095,12.807948479208653
169,Norway,NOR,2019,0.5755521,12767.26,373905.514,14.681596,365094.0,1.065479027319,67.41,9.454639360616511,12.807910133654952
170,Poland,POL,2010,1.015923,49373.53,794704.641,126.08159,306280.0,6.6044142614601,77.89,10.807169729608326,12.63225499522706
171,Poland,POL,2011,0.9757812,49968.79,862451.786,126.158325,306230.0,6.6054926035986,109.58,10.819153889516357,12.632091732586087
172,Poland,POL,2012,0.9446124,48023.98,897877.763,126.174736,306220.0,6.561948925609,109.97,10.779455748473154,12.632059076859086
173,Poland,POL,2013,0.9375651,45167.85,925133.245,126.11424,306210.0,6.312008099017,107.71,10.718140829552581,12.632026420065653
174,Poland,POL,2014,0.9376455,45540.03,962317.654,126.03104,306190.0,6.2836800679317,96.28,10.726346998379041,12.631961103279217
175,Poland,POL,2015,0.9460327,48040.11,1018896.563,125.93718,306190.0,6.2807407165485,49.75,10.779791565949832,12.631961103279217
176,Poland,POL,2016,0.9523636,54743.92,1069459.06,125.86845,306190.0,6.2484078513341,40.64,10.910421591283903,12.631961103279217
177,Poland,POL,2017,0.9329951,63216.76,1137654.148,125.87076,306190.0,6.2735556353898,52.63,11.054324734851747,12.631961103279217
178,Poland,POL,2018,0.9174737,65040.4,1216240.494,125.83368,306170.0,6.2697194369141,69.06,11.082763894264282,12.631895782226218
179,Poland,POL,2019,0.8984549,66041.58,1327882.052,125.74266,306110.0,6.3241971840188,63.49,11.098039822641873,12.63169979346228
180,Portugal,PRT,2010,1.06715,18974.66,288228.565,115.58683,91590.0,3.1029588383011,79.13,9.850859683789725,11.425077374397032
181,Portugal,PRT,2011,1.029541,17624.16,282620.91,115.32941,91590.0,3.0505513702369,112.33,9.777025966970248,11.425077374397032
182,Portugal,PRT,2012,1.004199,16232.37,277991.759,114.8629,91590.0,2.7745976635004,112.21,9.6947626757259,11.425077374397032
183,Portugal,PRT,2013,1.002907,15865.52,292135.199,114.23469,91605.2,2.7775159052106,109.74,9.671903480032315,11.4252433176099
184,Portugal,PRT,2014,1.006873,16206.07,298951.673,113.62164,91605.59,2.7792624031719,100.22,9.693141142399224,11.425247575001071
185,Portugal,PRT,2015,1.055952,16370.65,307230.008,113.15286,91605.59,2.7792624031719,53.44,9.703245376357584,11.425247575001071
186,Portugal,PRT,2016,1.135107,16831.06,326364.379,112.79606,91605.59,2.7792624031719,42.73,9.730981267970385,11.425247575001071
187,Portugal,PRT,2017,1.092415,17179.29,340370.325,112.52071,91605.59,2.7792624031719,53.59,9.751459867559694,11.425247575001071
188,Portugal,PRT,2018,1.094101,17243.8,359198.932,112.32755,91605.59,2.7792624031719,71.36,9.755207937562696,11.425247575001071
189,Portugal,PRT,2019,1.063245,17740.77,383670.579,112.328514,91605.59,2.7576359960526,65.89,9.783620659656675,11.425247575001071
190,Spain,ESP,2010,0.7036026,91915.84,1475606.419,93.228226,500010.0,3.1179616407672,77.84,11.428628654753524,13.122383377204331
191,Spain,ESP,2011,0.6880234,86718.38,1489594.952,93.54141,499880.0,3.1368654477074,108.5,11.370421135687177,13.12212334859972
192,Spain,ESP,2012,0.6931993,79535.97,1483654.097,93.59516,500210.0,3.086303752424,109.48,11.283964651146695,13.122783289229018
193,Spain,ESP,2013,0.6944096,80337.11,1512561.983,93.28964,500210.0,3.1150916615022,106.77,11.293986935147764,13.122783289229018
194,Spain,ESP,2014,0.696207,80611.88,1558986.389,93.01157,500210.0,3.099898042822,97.07,11.297401312174154,13.122783289229018
195,Spain,ESP,2015,0.6951948,83746.19,1621825.009,92.94511,499661.0,3.144331856999,49.51,11.335545956115183,13.121685147458388
196,Spain,ESP,2016,0.6966066,86596.43,1734116.161,93.02914,499564.0,3.1327317420791,40.08,11.369013869682318,13.121490996991167
197,Spain,ESP,2017,0.6817625,89249.97,1842770.464,93.25103,499547.3,3.1146196651829,51.69,11.399196363507375,13.12145756728218
198,Spain,ESP,2018,0.6708948,90295.92,1905450.021,93.667145,499603.5,3.1260791120312,69.02,11.410847555660053,13.121570062813504
199,Spain,ESP,2019,0.6832061,91425.58,2031924.567,94.346405,499570.0,3.1463055962788,62.84,11.423280586995272,13.121503007392173
200,Sweden,SWE,2010,0.6436636,21129.13,395960.987,23.034868,407339.7,2.7397280451672,79.0,9.95840793607574,12.917402760037985
201,Sweden,SWE,2011,0.6095231,20749.24,421515.998,23.245193,407339.7,2.7510208310165,110.67,9.940264898482054,12.917402760037985
202,Sweden,SWE,2012,0.6206608,19573.33,432488.303,23.462732,407339.7,2.733836156898,112.36,9.881923204320545,12.917402760037985
203,Sweden,SWE,2013,0.6195832,19110.55,444616.544,23.690954,407339.7,2.6898924902238,109.1,9.857995817563227,12.917402760037985
204,Sweden,SWE,2014,0.6208115,18688.85,457507.758,23.932978,407339.7,2.671234844038,97.75,9.835682368326477,12.917402760037985
205,Sweden,SWE,2015,0.6453338,18793.05,481170.723,24.183018,407310.6,2.6780542732692,51.19,9.841242399618165,12.917331318340825
206,Sweden,SWE,2016,0.6893841,18088.71,500423.665,24.438314,407310.6,2.6716709389178,42.41,9.803043265730567,12.917331318340825
207,Sweden,SWE,2017,0.6977271,17672.21,522476.825,24.695797,407310.6,2.6697068360404,54.17,9.779748628234419,12.917331318340825
208,Sweden,SWE,2018,0.7027359,17103.89,544594.071,24.951416,407310.6,2.6775632475498,71.49,9.747061201999992,12.917331318340825
209,Sweden,SWE,2019,0.7026491,16951.1,579773.396,25.210749,407283.6,2.6760223754657,64.8,9.738088007458055,12.917265027665026
210,Switzerland,CHE,2010,0.5896077,16321.71,425979.998,197.95624,39513.23,12.966899483753,80.92,9.700251402440884,10.584390831519297
211,Switzerland,CHE,2011,0.5826976,16142.33,454911.977,200.19695,39512.63,NaN,112.51,9.689200293238725,10.58437564661653
212,Switzerland,CHE,2012,0.5867608,16260.05,475340.888,202.34164,39512.03,NaN,111.3,9.696466458127825,10.58436046148318
213,Switzerland,CHE,2013,0.588039,16171.88,498760.658,204.6858,39511.43,NaN,110.35,9.69102921050063,10.58434527611924
214,Switzerland,CHE,2014,0.6001193,16065.3,519299.875,207.2018,39510.83,NaN,101.91,9.68441694551192,10.5843300905247
215,Switzerland,CHE,2015,0.6070633,15329.33,540550.996,209.57913,39510.23,13.197175930882,54.38,9.637523265757467,10.584314904699553
216,Switzerland,CHE,2016,0.612965,15167.3,563950.47,211.88623,39509.63,NaN,44.73,9.626897073640839,10.584299718643795
217,Switzerland,CHE,2017,0.6097101,14904.91,576360.576,213.88,39509.63,NaN,56.31,9.609445967851741,10.584299718643795
218,Switzerland,CHE,2018,0.6040545,14910.39,601868.008,215.46779,39509.63,NaN,72.32,9.609813564358348,10.584299718643795
219,Switzerland,CHE,2019,0.60187,14868.58,623154.669,217.01556,39509.63,NaN,64.57,9.607005540610539,10.584299718643795
220,Turkey,TUR,2010,1.853114,45391.99,1268708.962,95.1046,769630.0,1.2465730285982,78.26,10.723090936745471,13.553665158862865
221,Turkey,TUR,2011,2.232889,47385.84,1454111.872,96.37599,769630.0,1.2528097917181,109.81,10.76607872887601,13.553665158862865
222,Turkey,TUR,2012,2.119941,62524.97,1550688.484,97.809906,769630.0,1.2528097917181,111.7,11.043321275937627,13.553665158862865
223,Turkey,TUR,2013,2.195051,68864.93,1703669.602,99.497314,769630.0,1.262684666658,108.37,11.139902328869393,13.553665158862865
224,Turkey,TUR,2014,2.01731,73559.26,1860470.92,101.49301,769630.0,1.3106297831425,99.71,11.20584661885254,13.553665158862865
225,Turkey,TUR,2015,1.872837,75797.66,2022397.778,103.48632,769630.0,1.3163468160025,51.42,11.235822700441553,13.553665158862865
226,Turkey,TUR,2016,1.777647,81841.2,2116398.303,105.270584,769630.0,1.3163468160025,41.28,11.312536063274608,13.553665158862865
227,Turkey,TUR,2017,1.707156,84770.02,2264269.34,106.661415,769630.0,1.3262216909424,52.01,11.347697221534947,13.553665158862865
228,Turkey,TUR,2018,1.46748,84616.68,2302309.895,107.59625,769630.0,1.3402544079623,71.16,11.345886689280789,13.553665158862865
229,Turkey,TUR,2019,1.274111,82427.62,2313147.025,108.4699,769630.0,1.3484401595572,65.09,11.319675853907304,13.553665158862865
230,United Kingdom of Great Britain and Northern Ireland,GBR,2010,0.9167696,122438.22,2290476.0,259.4141,241930.0,6.6986318356549,80.6,11.715361855220907,12.396403707097834
231,United Kingdom of Great Britain and Northern Ireland,GBR,2011,0.8980739,120382.27,2354769.787,261.58954,241930.0,6.7001157359567,113.49,11.698427541876955,12.396403707097834
232,United Kingdom of Great Britain and Northern Ireland,GBR,2012,0.8718607,119413.97,2442463.44,263.74872,241930.0,6.6940850659282,112.62,11.690351474771518,12.396403707097834
233,United Kingdom of Great Britain and Northern Ireland,GBR,2013,0.8523282,118372.5,2562195.165,265.78885,241930.0,6.6940850659282,110.27,11.681591710941182,12.396403707097834
234,United Kingdom of Great Britain and Northern Ireland,GBR,2014,0.8403477,119993.53,2666663.773,267.73654,241930.0,6.8334228909189,100.07,11.69519310364396,12.396403707097834
235,United Kingdom of Great Britain and Northern Ireland,GBR,2015,0.8369863,122628.13,2767234.195,269.60016,241930.0,6.7147935353201,53.81,11.716911721516423,12.396403707097834
236,United Kingdom of Great Britain and Northern Ireland,GBR,2016,0.8286993,125350.7,2892299.174,271.38098,241930.0,6.7197123134791,44.62,11.738870687934629,12.396403707097834
237,United Kingdom of Great Britain and Northern Ireland,GBR,2017,0.8079019,125546.17,3041891.843,273.07407,241930.0,6.7350059934692,54.69,11.740428858345828,12.396403707097834
238,United Kingdom of Great Britain and Northern Ireland,GBR,2018,0.7896098,123774.76,3129647.768,274.59595,241930.0,6.7354193361716,72.65,11.726218741225523,12.396403707097834
239,United Kingdom of Great Britain and Northern Ireland,GBR,2019,0.7764252,121898.74,3287761.88,276.02472,241930.0,6.7354193361716,65.58,11.71094597907468,12.396403707097834
240,United States of America,USA,2010,0.1186205,1707338.19,15048970.0,34.018646,9147420.0,2.1255282910373,76.02,14.350446101661408,16.02898243027836
241,United States of America,USA,2011,0.1149904,1683056.59,15599731.0,34.31313,9147420.0,2.1223033379904,102.43,14.336122097087747,16.02898243027836
242,United States of America,USA,2012,0.1126591,1669479.44,16253970.0,34.616463,9147420.0,1.6782502607293,101.16,14.328022423225624,16.02898243027836
243,United States of America,USA,2013,0.1110327,1679496.6,16843196.0,34.914234,9147420.0,1.6870494631273,97.26,14.334004663620409,16.02898243027836
244,United States of America,USA,2014,0.1092602,1712099.04,17550687.0,35.204895,9147420.0,1.6718659469009,89.43,14.35323068447784,16.02898243027836
245,United States of America,USA,2015,0.10844960000000001,1721926.75,18206023.0,35.486267,9147420.0,1.658773730735,45.81,14.358954425318252,16.02898243027836
246,United States of America,USA,2016,0.107639,1761641.57,18695106.0,35.770763,9147420.0,1.6536903301696,37.94,14.381756642537704,16.02898243027836
247,United States of America,USA,2017,0.1070552,1783274.96,19477337.0,36.052925,9147420.0,1.6503669887247,48.12,14.393962096958072,16.02898243027836
248,United States of America,USA,2018,0.1061102,1815592.69,20533058.0,36.309696,9147420.0,1.6448604918108,59.19,14.411922523339113,16.02898243027836
249,United States of America,USA,2019,0.1055685,1820657.45,21380976.0,36.547974,9147420.0,1.6342164992971,56.33,14.414708230086603,16.02898243027836
