index,CountryCode,Country,year,PetrolTax_st,GHGEmissions_log,GDP_st,Population_density_st,Density_raillines_st,Oil_consumption_log_st,Land_area_log_st
1180,FRA,France,2000.0,0.412077724178599,11.863443242403209,0.17757998298975172,-0.1222889482519064,0.4440238265977987,1.2169494133629324,NaN
1181,FRA,France,2001.0,NaN,11.88272698717316,0.2539478628754411,-0.1218024305590086,0.45407478583028643,1.2204104216581977,NaN
1182,FRA,France,2002.0,NaN,11.889084514894378,0.31006498994654436,-0.1213038209227745,0.4486716690174427,1.2006126046207795,NaN
1183,FRA,France,2003.0,NaN,11.88510820897686,0.2909933281577069,-0.12080873454450038,0.44291654643582057,1.2018449620897809,NaN
1184,FRA,France,2004.0,NaN,11.888911572319293,0.3393648062227202,-0.12027924301841997,0.4425132778114319,1.2081182857190966,NaN
1185,FRA,France,2005.0,0.20131707776708987,11.87270482521836,0.41786239819389914,-0.11971985260671633,0.3940897284174418,1.198255150110382,NaN
1186,FRA,France,2006.0,NaN,11.868003534583558,0.5252398257654082,-0.11915011891628728,0.46090368339670756,1.1962300854055594,NaN
1187,FRA,France,2007.0,NaN,11.857702832603351,0.6158265355164033,-0.11857877154320816,0.48158695989463524,1.1781635213758317,NaN
1188,FRA,France,2008.0,NaN,11.810404242613973,0.668755310082472,-0.11803333384311403,0.4805992753427839,1.1643998801345978,NaN
1189,FRA,France,2009.0,NaN,11.806200492648102,0.6460386824835441,-0.11751482390028556,0.4807154735253528,1.1356549459794316,NaN
1190,FRA,France,2010.0,0.08704137845762767,11.81193308559655,0.7127997811106362,-0.11702559436641248,0.47885630260418716,1.1109261872290945,0.7108161030708069
1191,FRA,France,2011.0,0.05695224406934302,11.81846069220144,0.7966935196282048,-0.1165650046491384,0.4871063735668319,1.0955579092752605,0.7108161030708069
1192,FRA,France,2012.0,-0.016637064486330132,11.806607178527718,0.8095823014927694,-0.11615255468483499,0.4484704778614247,1.071390596348763,0.7108161030708069
1193,FRA,France,2013.0,-0.0005462309799881861,11.803719290891417,0.910198657555581,-0.1157851902206603,0.48176125716850465,1.0621432432664855,0.7108161030708069
1194,FRA,France,2014.0,-0.012168930936163076,11.80086135520755,0.943782577951053,-0.11543238779344363,0.4494291128676736,1.038823376217902,0.7108161030708069
1195,FRA,France,2015.0,0.05229097223252835,11.812579363280626,0.9811989496133541,-0.1151242094873371,0.41709696856684253,1.0388067577233198,0.7108161030708069
1196,FRA,France,2016.0,0.11169819675537078,11.814842488049521,1.0917322650323655,-0.11487413900883223,0.4386313967521102,1.0339194400346357,0.7108161030708069
1197,FRA,France,2017.0,0.13012479641585897,11.815860713996072,1.1784212530080482,-0.1146585781556965,0.4392990715091769,1.0369138515786944,0.7108161030708069
1198,FRA,France,2018.0,0.2010741460159156,11.796171864353564,1.281641232869578,-0.11447234194289313,0.38078503651287615,1.0346304341523358,0.7108161030708069
1199,FRA,France,2019.0,0.17410691096414851,11.791489191373481,1.4938503472356106,-0.11430250108136289,0.3759047128448244,1.028648303696333,0.7108161030708069
1655,ITA,Italy,2000.0,0.5379073179296182,11.727587146714047,0.23093100798079125,-0.05708742662847326,0.45844947685915294,1.2080243192069369,NaN
1656,ITA,Italy,2001.0,NaN,11.741790537122956,0.28323142325464534,-0.05701368987259631,0.46501169631069916,1.1939854557628686,NaN
1657,ITA,Italy,2002.0,NaN,11.760668512344479,0.32058994888420267,-0.05672335663927414,0.4596328279078065,1.1964349757103365,NaN
1658,ITA,Italy,2003.0,NaN,11.761743858524412,0.34424476558724404,-0.05590430592896888,0.45748128054662407,1.189656655162572,NaN
1659,ITA,Italy,2004.0,NaN,11.774825313921218,0.3620949451683541,-0.05478124076287345,0.45215620082773095,1.174349604447719,NaN
1660,ITA,Italy,2005.0,0.4184380093807682,11.762594562659022,0.3919171970377696,-0.05390647376976363,0.4854513962417738,1.1522704419906125,NaN
1661,ITA,Italy,2006.0,NaN,11.772233294063485,0.5163488790486875,-0.05331326999557339,0.4929925697426617,1.1513922907149767,NaN
1662,ITA,Italy,2007.0,NaN,11.772490199022098,0.6064478642085633,-0.05241434351930935,0.49731717993862,1.128916360806442,NaN
1663,ITA,Italy,2008.0,NaN,11.718361967728555,0.6791063038027308,-0.05126482341411607,0.5181441583946933,1.086072417480171,NaN
1664,ITA,Italy,2009.0,NaN,11.672196300116205,0.6269138322740215,-0.05039158164090236,0.5350015319694332,1.031222966018695,NaN
1665,ITA,Italy,2010.0,0.17639741033236206,11.66056033436389,0.6543124380186572,-0.04972208636750918,0.5369486823313038,1.0127316098634882,0.4900599877106208
1666,ITA,Italy,2011.0,0.2527485963870983,11.65189892265998,0.7287919362781173,-0.04919729633175851,0.5393906885862035,0.9921155455086579,0.4900599877106208
1667,ITA,Italy,2012.0,0.6729215425464569,11.585501814789064,0.7226841395283384,-0.0487738571581037,0.5410258645806997,0.9420182176850207,0.4900599877106208
1668,ITA,Italy,2013.0,0.6837086176343076,11.55625235162705,0.7323160829560129,-0.04845807563081513,0.5421016382612911,0.8790803783405989,0.4900599877106208
1669,ITA,Italy,2014.0,0.6847355701178424,11.601567736328363,0.7436665039434859,-0.048431788465905845,0.5389818945875795,0.8429227339915019,0.4900599877106208
1670,ITA,Italy,2015.0,0.6753765112368938,11.577718422486118,0.7835118156841735,-0.04866358375961566,0.5391109874292671,0.8830383642823781,0.4900599877106208
1671,ITA,Italy,2016.0,0.6781776199504322,11.567508248052512,0.9505018699599943,-0.04895830200013909,0.5460497276690314,0.8773855156611726,0.4900599877106208
1672,ITA,Italy,2017.0,0.6420776599473818,11.52819114922063,1.0423875223722738,-0.049253843859406427,0.5459313925641562,0.8862680307406445,0.4900599877106208
1673,ITA,Italy,2018.0,0.6089752665088194,11.562991101093655,1.1229229618192273,-0.04958030955206719,0.5452428974085958,0.9025662424510663,0.4900599877106208
1674,ITA,Italy,2019.0,0.5912952670376537,11.574393495723216,1.2523341658786213,-0.04996583938520442,0.5450123309995568,0.8816507926370235,0.49005877596204944
