index,PetrolTax_st,year,CountryCode,Country,GHGEmissions_log,GDP_st,Population_density_st,Density_raillines_st,Oil_consumption_log_st,Land_area_log_st,Oil_price_st
170,-1.6141488771247967,2010,AUS,Australia,11.3924823318898,0.04138560897599027,-1.033815642150088,-1.4805725589035497,0.6039178625041419,2.223592011205172,0.12437586483694264
171,-1.6448093228307308,2011,AUS,Australia,11.421583451569242,0.13883141694593018,-1.0334943669990209,-1.4797595085177868,0.6398936284262264,2.223592011205172,1.4331499311303408
172,-1.6608848786446118,2012,AUS,Australia,11.42748085995213,0.10614952542551431,-1.033140404054262,NaN,0.6577961503187356,2.223592011205172,1.5170761567970683
173,-1.6826920333415787,2013,AUS,Australia,11.442042808964809,0.33741664203370925,-1.0327766691488023,NaN,0.6779524922561101,2.223592011205172,1.3749558029557707
174,-1.7014509864377918,2014,AUS,Australia,11.441647269833597,0.3286413915417228,-1.032436446926628,NaN,0.6748268042130595,2.223592011205172,1.0922986089650004
175,-1.6958719962577844,2015,AUS,Australia,11.464323913012395,0.30589522768201016,-1.0321030021736042,NaN,0.6689786123312839,2.223592011205172,-0.8534438398650214
176,-1.6958425338400536,2016,AUS,Australia,11.47467692710138,0.4777160422796237,-1.0317459723253113,NaN,0.6703631268236185,2.224323365197928,-1.290097740385777
177,-1.698467337325325,2017,AUS,Australia,11.491433457474564,0.5138025767349316,-1.0313707180628846,NaN,0.7032363827413487,2.224323365197928,-0.889468776354041
178,-1.6967260753335824,2018,AUS,Australia,11.514403072769943,0.6543255745539122,-1.031000920299472,-1.4784252244678342,0.715268085321645,2.224323365197928,-0.13571625904532042
179,-1.6969617746754304,2019,AUS,Australia,11.514968476600023,0.642607037826297,-1.0306415374274085,-1.4787706434019272,0.7085343165405863,2.224323365197928,-0.3661175012058645
190,-0.34757840805770174,2010,AUT,Austria,10.024242168670671,-0.006537359923146316,-0.3134959148980299,0.37998998390327154,-0.24541312886424785,-0.39865530825759243,0.021447474868315067
191,-0.2391090412777851,2011,AUT,Austria,9.994986843756308,0.13934372215696136,-0.31098111251460525,0.22643084703676047,-0.2804908483389049,-0.39865530825759243,1.2455035586490735
192,-0.29436696436669335,2012,AUT,Austria,9.986554912104017,0.25892324384653215,-0.3075739019117248,0.25049080396513423,-0.29269711021780465,-0.39865530825759243,1.3080523494761627
193,-0.41604873582615975,2013,AUT,Austria,10.039380280013782,0.3457910552466022,-0.30315080237041214,0.23810700260494838,-0.27279897054348423,-0.39865530825759243,1.2340230843833417
194,-0.5095670842419957,2014,AUT,Austria,10.009001856367947,0.39799763884617595,-0.2972542725510845,0.2402299399809719,-0.30186223760835745,-0.39865530825759243,0.9640339999271721
195,-0.5277344717147784,2015,AUT,Austria,10.03021359117921,0.46518796669260515,-0.28871357889851496,0.23350730495685829,-0.3070329770051224,-0.39865530825759243,-0.9476629045286112
196,-0.5458078442815429,2016,AUT,Austria,10.067092117518387,0.6273127417981657,-0.280375594915754,0.22643084703676047,-0.28495257607428137,-0.39865530825759243,-1.4476573527223686
197,-0.5871353403981084,2017,AUT,Austria,10.098435723726299,0.718005911122999,-0.27496817513539923,0.23916847129296012,-0.27359199406662654,-0.39865530825759243,-0.9789372999421561
198,-0.6260389733390965,2018,AUT,Austria,10.103250290475025,0.8827931656244457,-0.2711549161595032,0.23987611708495812,-0.2626402803084712,-0.39865530825759243,-0.33009256471684434
199,-0.6553944656664276,2019,AUT,Austria,10.105277530458805,1.0471273893286508,-0.2676607453464635,0.24447581473304822,-0.23787574740359055,-0.39865530825759243,-0.5913723238679768
310,0.1860935645313083,2010,BEL,Belgium,10.19271355751047,-0.13639109031479194,1.5728892595307775,1.9406242547415578,0.37892276981519407,-0.9785307119013961,0.007591730064846163
311,0.0919700779175818,2011,BEL,Belgium,10.177485421901874,-0.07064677394067233,1.5916809008740915,1.9454455006760063,0.3323014323831889,-0.9785307119013961,1.2288766648849105
312,0.01838851723039597,2012,BEL,Belgium,10.145770766335865,0.009648291370459056,1.6098939777777048,1.9502667466104548,0.3063167916847697,-0.9785307119013961,1.241940652842467
313,-0.010136730786043324,2013,BEL,Belgium,10.12645868898775,0.09182838416003555,1.6273149114598318,1.9690696057543087,0.32302130726902667,-0.9785307119013961,1.1477215881788772
314,-0.01882053013345661,2014,BEL,Belgium,10.136316052958232,0.16675058398178982,1.645061479640764,1.987872464898162,0.3090343844834192,-0.9785307119013961,0.753426678914441
315,-0.03152346671314126,2015,BEL,Belgium,10.200572404972357,0.2424436970410711,1.6623517060341753,1.9647304844135092,0.32743061949270635,-0.9785307119013961,-1.1008678542126844
316,-0.07509341696127811,2016,BEL,Belgium,10.18993373659237,0.38513454014545695,1.678905890208028,1.9599092384790604,0.337147331834941,-0.9785307119013961,-1.4805152618277384
317,-0.1519803960871614,2017,BEL,Belgium,10.168096603276892,0.49495739825439006,1.6952482510421378,1.962801986039788,0.3458685265235658,-0.9785307119013961,-1.0470283886906329
318,-0.2045092385943344,2018,BEL,Belgium,10.174752091790339,0.6192925899679004,1.7107338830162964,1.9647304844135092,0.3938315763252718,-0.9785307119013961,-0.35186587797943913
319,-0.2686042318105376,2019,BEL,Belgium,10.165611403491221,0.8142415893836608,1.7257034150300854,1.9724444779083932,0.34853771937556344,-0.9785307119013961,-0.6206673271667399
610,-1.7095716894643012,2010,CAN,Canada,11.991062304808628,-0.12082169389981366,-1.0270455070898774,-1.308100805166106,1.2199396591686265,2.312940097564768,-0.01259806950592334
611,-1.646750200978561,2011,CAN,Canada,11.979398682138507,-0.027511947815929146,-1.0267517111896765,-1.308100805166106,1.2208487282410594,2.312940097564768,1.2407530175735981
612,-1.6397368214049755,2012,CAN,Canada,11.982032317231656,0.009649520777792003,-1.0264512116951774,-1.308100805166106,1.2302318412612112,2.312940097564768,1.2332313275374294
613,-1.6424122737656721,2013,CAN,Canada,12.005795039464928,0.1291808132505308,-1.026147871310307,-1.3105921148305555,1.2260366902582556,2.312940097564768,1.1536597645232207
614,-1.653099848557195,2014,CAN,Canada,12.003332092723864,0.21582509304602374,-1.0258697412674633,-1.31070283970453,1.2243812665589004,2.312940097564768,0.75778134156696
615,-1.6760881482706145,2015,CAN,Canada,11.99220624061052,0.15130168556080442,-1.0256025549428838,-1.3065995061395588,1.2261801496383296,2.312940097564768,-1.0284221028116887
616,-1.694406489254468,2016,CAN,Canada,11.985493927217927,0.2586085060431348,-1.0252913911379788,-1.3121715725916752,1.2237575190220487,2.312940097564768,-1.4195499846924742
617,-1.6731846104513033,2017,CAN,Canada,12.000016027547138,0.3684461822940932,-1.024931764698332,-1.3121618027498538,1.2166999831177685,2.312940097564768,-0.9959600721292753
618,-1.6665658286522727,2018,CAN,Canada,12.026202282105643,0.4682098429512637,-1.024539425596231,-1.3082831755467736,1.2383515051814125,2.312940097564768,-0.339593646867795
619,-1.654748088758124,2019,CAN,Canada,12.032296651185895,0.45866007786619956,-1.0241418523511079,-1.3023300852636208,1.236536134797517,2.312940097564768,-0.6467953030818533
710,-0.44686642477279287,2010,CHL,Chile,9.936922328622366,-1.4341294879085176,-0.887478709383284,NaN,-0.12008291372169663,0.8728794718247146,NaN
711,-0.3464068631548923,2011,CHL,Chile,9.990362070160943,-1.3034871100681462,-0.8858122536240591,NaN,-0.09421744304552829,0.8728794718247146,NaN
712,-0.31593246103058575,2012,CHL,Chile,10.02366190449302,-1.2306573040727438,-0.8841576032125673,NaN,-0.06888727773965554,0.8728794718247146,NaN
713,-0.2844437572441689,2013,CHL,Chile,10.10842358848642,-1.1808280126144892,-0.8825034062902696,NaN,-0.07264368883704549,0.8728794718247146,NaN
714,-0.2268662480761465,2014,CHL,Chile,10.052823818793412,-1.1596935439566742,-0.8807604132580102,NaN,-0.07832816027552236,0.8728794718247146,NaN
715,-0.2537720562325853,2015,CHL,Chile,10.12513939180094,-1.1648811331943687,-0.8789600465283426,NaN,-0.09014333177390702,0.8728794718247146,NaN
716,-0.24498265563510255,2016,CHL,Chile,10.188397586436734,-1.1159983521357442,-0.8768572537065346,NaN,-0.05224430478103411,0.8728794718247146,NaN
717,-0.26162097673148577,2017,CHL,Chile,10.222574210586874,-1.050813009987097,-0.8740565556435327,-1.432540809467661,-0.04171895009291799,0.8728794718247146,NaN
718,-0.23751575345150036,2018,CHL,Chile,10.2683852864833,-0.9902641585237122,-0.8707820125729819,-1.4192287519324398,-0.017103243287336783,0.8728794718247146,NaN
719,-0.1596237417387479,2019,CHL,Chile,10.28256446803691,-0.9894893008706777,-0.8674566933413641,-1.4192287519324398,-0.019879763611114744,0.8728794718247146,NaN
930,0.9591976679833704,2010,CZE,Czech Republic,9.728836502046393,-0.8550792151941422,-0.06324826018540812,2.066463049136168,-0.4884296796945646,-0.4369757805575013,-0.016556853735485724
931,0.8927549504239283,2011,CZE,Czech Republic,9.718471569032559,-0.781682055069964,-0.060251501189332035,2.0669590620144502,-0.47938184042003973,-0.4369757805575013,1.2257096375012604
932,0.782446334285433,2012,CZE,Czech Republic,9.70097594140583,-0.7662526866558078,-0.058860093940732765,2.0662426409745978,-0.48802596397803144,-0.4369757805575013,1.301322416285906
933,0.7348714814562883,2013,CZE,Czech Republic,9.693083754847184,-0.6728000133512801,-0.058530143980241256,2.0632147491645867,-0.5204174947431803,-0.4370506784018074,1.2193755827339605
934,0.7235327541290698,2014,CZE,Czech Republic,9.724383015580448,-0.5730321307108267,-0.05828087121026678,2.0626782145445626,-0.48133391202065473,-0.4370506784018074,0.89752642487052
935,0.7133659027430623,2015,CZE,Czech Republic,9.768836104312028,-0.48937529507606836,-0.057653373823643606,2.06665103699832,-0.5014627324049649,-0.4371255859460207,-0.9718114883289434
936,0.6910582179830693,2016,CZE,Czech Republic,9.806901759483056,-0.35886864543661695,-0.057294897929968266,2.0650605106494235,-0.5449991197513758,-0.4371255859460207,-1.4512202585289753
937,0.6129877765719236,2017,CZE,Czech Republic,9.834133723054535,-0.19563767742909122,-0.0569413957887456,2.0443802647080056,-0.436013263672478,-0.4371255859460207,-1.020108655929607
938,0.5459488588514305,2018,CZE,Czech Republic,9.84417004482372,-0.05783771224394756,-0.056630389973624795,2.0436239516558845,-0.43112890225114564,-0.4371255859460207,-0.31465330622155013
939,0.45958921586742607,2019,CZE,Czech Republic,9.853180087848232,0.12470241551280833,-0.05641454374586795,2.040049485814607,-0.42232031150648724,-0.43715929750618243,-0.596518743366408
970,-0.5100047170087417,2010,DNK,Denmark,9.514636169044989,0.05223559981712909,-0.03973323631080129,0.40422720610256696,-0.5779295901760859,-0.8175091535625325,0.03728261178656572
971,-0.5496313378185445,2011,DNK,Denmark,9.492547986892555,0.13569595217801872,-0.03513149128434042,0.410796635812707,-0.6046573753521999,-0.8175091535625325,1.3187410668959816
972,-0.5613980977988663,2012,DNK,Denmark,9.44763216325386,0.1595474393225968,-0.030571145432704967,0.410796635812707,-0.656730612882885,-0.8175091535625325,1.125948274916283
973,-0.5405910101127461,2013,DNK,Denmark,9.430782678210726,0.2747178497757908,-0.026102448284349464,0.410796635812707,-0.656577404026714,-0.8175091535625325,1.1002161774241257
974,-0.5066092561248435,2014,DNK,Denmark,9.439419870643793,0.343933406179463,-0.021483221980886123,0.4086068259093269,-0.6561669690896719,-0.8175091535625325,0.8207260108170055
975,-0.5023090672897227,2015,DNK,Denmark,9.453615908107135,0.412561191028464,-0.01652036789768659,0.3648106278417271,-0.6484938194186947,-0.8175091535625325,-1.0699893372220959
976,-0.4951520170498983,2016,DNK,Denmark,9.476647621880266,0.585750985193905,-0.011206279119235496,0.3553214515937472,-0.6442833029128795,-0.8175091535625325,-1.376399236590242
977,-0.5192744543267603,2017,DNK,Denmark,9.491468262626624,0.7875544064409864,-0.005641966706370381,0.31736474660182695,-0.6519389957874485,-0.8175091535625325,-0.9524134456040866
978,-0.5247620779079615,2018,DNK,Denmark,9.510270134329815,0.9139459901543985,-0.0002653403051704967,0.340722718904547,-0.6418510800274487,-0.8175091535625325,-0.29367174980486827
979,-0.5164089859236188,2019,DNK,Denmark,9.496830484325686,1.057121852402486,0.005072300654011959,0.444373720997867,-0.6412885817167091,-0.8175091535625325,-0.5771207006415514
1130,0.3309596104378654,2010,EST,Estonia,7.734200074842816,-1.2229197082593257,-0.8269337327823955,-0.689533162240123,-1.7802327023513762,-0.7839429294265565,NaN
1131,0.19381470420724092,2011,EST,Estonia,7.72981444913428,-1.0486678526224609,-0.827635229365434,-0.689533162240123,-1.7977736083328404,-0.7839429294265565,NaN
1132,0.08910990612886356,2012,EST,Estonia,7.739481093388118,-0.9634413091809227,-0.8284484452057667,-0.689533162240123,-1.68011933845013,-0.7839429294265565,NaN
1133,0.017094819157443736,2013,EST,Estonia,7.718169806698449,-0.8758160592620827,-0.8292520719439446,-0.7301499044845678,-1.688988471014046,-0.7693912537086599,NaN
1134,0.019847072427281582,2014,EST,Estonia,7.7204528214458925,-0.7865595020311347,-0.829843041507409,-0.7301499044845678,-1.742155842978355,-0.7693912537086599,NaN
1135,0.03267580359952553,2015,EST,Estonia,7.747631380410649,-0.7684054010442497,-0.8298213179121382,-0.7314932431263186,-1.7434304227356392,-0.7693912537086599,NaN
1136,0.028806957801522357,2016,EST,Estonia,7.767911543192718,-0.6441248155213335,-0.8296040234446969,-0.7335082510889593,-1.7606076033092974,-0.7693912537086599,NaN
1137,-0.05715908052313174,2017,EST,Estonia,7.803120593467159,-0.4918464759164445,-0.8293265100008703,-0.7203746412946761,-1.7310751054960947,-0.7790515801758378,NaN
1138,0.6512796505469912,2018,EST,Estonia,7.810417564020167,-0.3358063582566275,-0.8285401597381232,-0.7203746412946761,-1.7397299587232604,-0.7790515801758378,NaN
1139,0.5921399711624226,2019,EST,Estonia,7.789810610355844,-0.1822135183982875,-0.8277029894282579,-0.7162767514170054,-1.818647661255406,-0.7790515801758378,NaN
1170,-0.08463493680690516,2010,FIN,Finland,9.446839933377397,-0.189014899064011,-0.9256859127433739,-0.9446430928253975,-0.42488210239792684,0.355378663000516,-0.014181583197748631
1171,-0.1646167939481499,2011,FIN,Finland,9.432711625144938,-0.0721699668182539,-0.9250868242604648,-0.9422224032112141,-0.44026703312752086,0.35535963015687255,1.1786001051694655
1172,-0.14305990428269563,2012,FIN,Finland,9.407722119318572,-0.07477730126104087,-0.9244685429445626,-0.9422224032112141,-0.4681452386755069,0.35535963015687255,1.2276890296160416
1173,-0.17845585432168637,2013,FIN,Finland,9.389287909831149,-0.03785973847295269,-0.9238667262121466,-0.9422224032112141,-0.4407901917863757,0.35535963015687255,1.1128842869587259
1174,-0.12260901391655926,2014,FIN,Finland,9.290741784538197,-0.022561579418234164,-0.9233237533598494,-0.9422224032112141,-0.4808844348273292,0.35535963015687255,0.7154223503106403
1175,-0.08686083901840248,2015,FIN,Finland,9.291499072083065,0.021517416653707037,-0.922890071403355,-0.944277513775295,-0.4774198368632896,0.35539769521788306,-1.194691040453318
1176,-0.09569724706889451,2016,FIN,Finland,9.397385753919034,0.1670456412058776,-0.9225108081501648,-0.9439892955655075,-0.4420152187899308,0.35539769521788306,-1.4753688423293072
1177,-0.037752285275237905,2017,FIN,Finland,9.346438218438841,0.3239757517747057,-0.9221996706768908,-0.9440080283582684,-0.4638539072016928,0.3554167268090148,-1.045840753421764
1178,-0.06511327123370036,2018,FIN,Finland,9.36335926872138,0.44323019325457247,-0.9220235340109941,-0.9440080283582684,-0.4675744883032144,0.3554167268090148,-0.4342085899543413
1179,-0.09106304048668816,2019,FIN,Finland,9.3276255059223,0.5764974694097178,-0.921877371517966,-0.9443149591619812,-0.47274894796302186,0.3554357577739533,-0.6285848956258653
1190,0.046923365360478406,2010,FRA,France,11.81193308559655,-0.37024581333440193,-0.2206105465854753,0.08259229663325583,1.043058608367193,0.6959211734681978,0.012738149563277373
1191,0.013916850503312435,2011,FRA,France,11.81846069220144,-0.2786904999838838,-0.216192940114886,0.09016418427915661,1.028047717903526,0.6959211734681978,1.279549103023312
1192,-0.06680752577243419,2012,FRA,France,11.806607178527718,-0.2646246533167981,-0.21223705147307145,0.05470428790921049,1.0044424129870877,0.6959211734681978,1.288654306751306
1193,-0.049156558205947914,2013,FRA,France,11.803719290891417,-0.1548195335272095,-0.2087135867209546,0.08525845425505735,0.9954101060094345,0.6959211734681978,1.1916640931270222
1194,-0.0619061712002398,2014,FRA,France,11.80086135520755,-0.11816856994305118,-0.20532978932631027,0.055584119924427154,0.9726325397170288,0.6959211734681978,0.7894516154034612
1195,0.00880363135417612,2015,FRA,France,11.812579363280626,-0.07733515743200861,-0.20237399064454917,0.02590978559379696,0.9726163076835769,0.6959211734681978,-1.0418819691922014
1196,0.0739708579527469,2016,FRA,France,11.814842488049521,0.04329258556385303,-0.19997551555377935,0.04567401204419527,0.9678426439909783,0.6959211734681978,-1.4243005257679495
1197,0.09418406274662616,2017,FRA,France,11.815860713996072,0.1378984238349757,-0.19790802906004262,0.04628680171199375,0.9707674208479581,0.6959211734681978,-0.9892301389390188
1198,0.172012515086296,2018,FRA,France,11.796171864353564,0.25054494272002353,-0.1961218009531554,-0.007417184678719972,0.9685371040243774,0.6959211734681978,-0.31148627883790014
1199,0.1424305924923579,2019,FRA,France,11.791489191373481,0.4821340017479435,-0.1944928238815288,-0.011896329483345012,0.9626940873061626,0.6959211734681978,-0.5731619164119885
1290,0.41288631818775834,2010,DEU,Germany,11.943848096302053,-0.14609545475625424,0.6477549192318762,1.6593961674123685,1.2679650172665626,0.4347004618083097,-0.03833016699808052
1291,0.35218711689385535,2011,DEU,Germany,11.957670066555359,0.024571857530489155,0.6498127361656978,1.656890445867382,1.2450033793018127,0.43468386809976467,1.2340230843833417
1292,0.29459537307456934,2012,DEU,Germany,11.948201641232844,0.07327588803798545,0.6523705615078371,1.665030582857433,1.2408439202739299,0.43465067925443424,1.296571875210431
1293,0.25208805609515766,2013,DEU,Germany,11.976117258754645,0.17056909636599774,0.6551972620560873,1.6551543140921048,1.255960930086184,0.43521463079068384,1.1940393636647597
1294,0.22670171420147556,2014,DEU,Germany,11.98173926164585,0.29069441388463796,0.658928600403353,1.6478595191073586,1.2370906618642132,0.43524778729284846,0.8037032386298866
1295,0.21237437218576805,2015,DEU,Germany,12.00007832692121,0.3263148232144484,0.6634171194181002,1.7060544844533772,1.236144902932808,0.4351814723877263,-1.0612800119170582
1296,0.19874651431237053,2016,DEU,Germany,12.017834741618765,0.5031393420306353,0.6688224180393209,1.7145680997952326,1.250269985505914,0.4360098627241683,-1.4512202585289753
1297,0.1575295850218966,2017,DEU,Germany,12.035872526376995,0.651508585347302,0.6749549085264706,1.712052127215191,1.2651081759911447,0.43602641843529827,-1.0070446679720504
1298,0.11104219334158721,2018,DEU,Germany,12.002612658051822,0.7779825429838682,0.6806559991317809,1.6970844630043733,1.2308701281414332,0.4360429736725615,-0.3546370269401327
1299,0.07279368539711248,2019,DEU,Germany,12.012902616274598,0.9099075316839635,0.6859199846686143,1.695154103674429,1.235181997358091,0.43605952843598483,-0.5949352296745827
1365,0.8266002362737667,2010,GRC,Greece,10.01894121063124,-0.8464705097134759,-0.42864922642981806,-0.9352563508885734,-0.006337456733919619,-0.14069171717538745,-0.01932800269617984
1366,0.979500253145647,2011,GRC,Greece,9.90816658875286,-0.9798462535441622,-0.43029780593758105,-0.9348033258245291,-0.03976896575608275,-0.14069171717538745,1.185725916782678
1367,0.9269512172959843,2012,GRC,Greece,9.724579164249809,-1.025111999330864,-0.43262986680442583,-1.0131766619061753,-0.13464495449876024,-0.14069171717538745,1.2850914009446996
1368,0.9595253960008279,2013,GRC,Greece,9.711272011301517,-0.9610778863189879,-0.4354178452269646,-1.0002654475806065,-0.18933274709539488,-0.14069171717538745,1.114467800650551
1369,1.0064567101775108,2014,GRC,Greece,9.71301809154171,-0.9230615441653227,-0.43834179726434574,-1.0063812859453358,-0.1952655367849546,-0.14069171717538745,0.6370384225653005
1370,1.0696916656266902,2015,GRC,Greece,9.745798118698206,-0.9150166333728783,-0.4415380841915292,-1.0059282608812916,-0.16689779976916216,-0.14069171717538745,-1.193107526761493
1371,1.1000180935855386,2016,GRC,Greece,9.765282971843488,-0.8702722314923238,-0.4447669638259604,-1.0059282608812916,-0.16804314879701662,-0.14069171717538745,-1.5588991895730782
1372,1.2219262953116121,2017,GRC,Greece,9.752366944069117,-0.8051952728915329,-0.448030403725595,-1.0059282608812916,-0.15166233870541593,-0.14069171717538745,-1.13412164174101
1373,1.198329878054689,2018,GRC,Greece,9.765654922839788,-0.744901415357887,-0.4513757642538597,-0.9939230966838116,-0.1597328402449169,-0.14069171717538745,-0.4480643347578102
1374,1.1888125240123695,2019,GRC,Greece,9.789036958124393,-0.6533443894463479,-0.45473787462494264,-0.9968677596001724,-0.13905913807635892,-0.14069171717538745,-0.681632604302004
1505,0.8591876565146688,2010,HUN,Hungary,9.37353857071836,-1.213823813343123,-0.25432520072846293,1.035438882728862,-0.6968356490017755,-0.34507211515779823,NaN
1506,0.7282080094730587,2011,HUN,Hungary,9.318835070946234,-1.137144301096759,-0.25701695166972865,1.0274404607539982,-0.7137007192749449,-0.34507211515779823,NaN
1507,0.5516102775934043,2012,HUN,Hungary,9.288903832256416,-1.1229741021042348,-0.2595107399490412,1.032890998309452,-0.7611863028426501,-0.34507211515779823,NaN
1508,0.4983802957519134,2013,HUN,Hungary,9.219457682697076,-1.0467333394299025,-0.2617145145743196,1.032890998309452,-0.7765301024473857,-0.34507211515779823,NaN
1509,0.5053840752118564,2014,HUN,Hungary,9.32861128859929,-0.9786484482132333,-0.26385692187154364,1.012523571708739,-0.7026740468639529,-0.3404268294007242,NaN
1510,0.5072835735595025,2015,HUN,Hungary,9.41541282004084,-0.9127200351016291,-0.2657529089921116,1.0129074963027866,-0.6548894252851581,-0.3404268294007242,NaN
1511,0.4819978673398678,2016,HUN,Hungary,9.417722766240333,-0.8446633862572237,-0.2680887440593468,0.9657807523817235,-0.6594715223433544,-0.3404268294007242,NaN
1512,0.41463651821634084,2017,HUN,Hungary,9.48039117303139,-0.7521266841692389,-0.27018591215227816,0.9667405638668725,-0.6041086423205944,-0.3404268294007242,NaN
1513,0.32691134182626475,2018,HUN,Hungary,9.541448964225685,-0.6084785325524061,-0.27119408446006704,0.914270869345089,-0.5561970918918987,-0.3404268294007242,NaN
1514,0.23313842487969672,2019,HUN,Hungary,9.599955869312966,-0.445539821323265,-0.2715596918370382,0.914270869345089,-0.5488068737673912,-0.3404268294007242,NaN
1625,-0.25178615686215455,2010,IRL,Ireland,9.352022209303442,0.06448575450717525,-0.574359802847326,-0.6999916692307727,-0.6149058062240707,-0.503073410381563,0.059055925049159956
1626,-0.30130817756875794,2011,IRL,Ireland,9.324871013216084,0.17881563692704938,-0.5722444951866263,-0.6999916692307727,-0.6603795919568802,-0.503073410381563,1.3642670855359518
1627,-0.1585339633211024,2012,IRL,Ireland,9.289686529422617,0.24863079700068705,-0.5701161314257389,-0.6999916692307727,-0.7000383780984252,-0.503073410381563,1.4323581742844285
1628,-0.17075391487303893,2013,IRL,Ireland,9.310195661647482,0.339807909015903,-0.5675381916435344,-0.710587352703845,-0.6902577266832158,-0.503073410381563,1.2272931511930851
1629,-0.17512991150209745,2014,IRL,Ireland,9.335396450375454,0.5458548990542708,-0.5639988986556714,-0.8953760724742235,-0.6972923688465354,-0.503073410381563,0.8080579012824054
1630,-0.1681595669207032,2015,IRL,Ireland,9.376745938704737,1.6180577126899662,-0.5593698272480888,-0.8953760724742235,-0.6729729361137144,-0.503073410381563,-1.026046832273951
1631,-0.08657482183953093,2016,IRL,Ireland,9.416747039795624,1.7490544299082005,-0.5540582546032313,-0.591915697805423,-0.6372808384385982,-0.503073410381563,-1.362939370209729
1632,-0.0950136527698545,2017,IRL,Ireland,9.393793787975767,2.15072746872829,-0.548105192235807,-0.7131303167373672,-0.6429100017830636,-0.503073410381563,-0.9678527040993807
1633,-0.10705351943139063,2018,IRL,Ireland,9.408238317827642,2.5545476744513125,-0.541453785766678,-0.7131303167373672,-0.6170144953235295,-0.503073410381563,-0.2881294518834806
1634,-0.11593230039727083,2019,IRL,Ireland,9.408908403844352,2.8358372118179123,-0.5349224442188852,-0.7131303167373672,-0.6170923003532125,-0.503073410381563,-0.5711825242972073
1645,-0.035758109944770654,2010,ISR,Israel,9.698483727055686,-0.7592164054190165,1.4222660419868156,-0.11820638801823902,-0.3865702852675642,-1.1728402371018785,NaN
1646,-0.06035459421254064,2011,ISR,Israel,9.691520621953421,-0.6480377832905876,1.46664939514051,-0.057575773336674525,-0.35445440897036196,-1.1728402371018785,NaN
1647,-0.06287876202376452,2012,ISR,Israel,9.710032346043334,-0.5783668473018735,1.5113833978421087,0.028245076031340872,-0.23346858066351783,-1.1728402371018785,NaN
1648,-0.0272643266398026,2013,ISR,Israel,9.72527990201371,-0.43967692034627465,1.556870412036339,0.04235268684448898,-0.42397473572531147,-1.1728402371018785,NaN
1649,-0.010154275821321291,2014,ISR,Israel,9.727344588863584,-0.44054888111419765,1.6032352203950246,0.0976713596963827,-0.4720228620500315,-1.1728402371018785,NaN
1650,-0.005811051994008907,2015,ISR,Israel,9.776556557852691,-0.37707423292377545,1.651882981129428,0.20965794132332077,-0.42940735596224616,-1.1728402371018785,NaN
1651,-0.013035634067733616,2016,ISR,Israel,9.804216403440147,-0.2407896164389592,1.703001672824888,0.29480147425789366,-0.41132158347055586,-1.1728402371018785,NaN
1652,-0.018266371849392372,2017,ISR,Israel,9.829866146605244,-0.16530893816755046,1.7537831733614326,0.5037913725844785,-0.3825352473106538,-1.1728402371018785,NaN
1653,-0.022437124669537855,2018,ISR,Israel,9.836198692682073,-0.12183573858722839,1.8035474683780137,0.5388715065880898,-0.37544584319471586,-1.1728402371018785,NaN
1654,-0.04442072283448949,2019,ISR,Israel,9.83692105644672,-0.08723427758265419,1.8547327937276543,0.6439985727814187,-0.3684963201335978,-1.1728402371018785,NaN
1665,0.1449431739595305,2010,ITA,Italy,11.66056033436389,-0.43407449850742036,0.42491062177442324,0.13590928922258036,0.9471475343100307,0.33959277560506707,-0.006659893161579203
1666,0.22869721368554874,2011,ITA,Italy,11.65189892265998,-0.3527931785683136,0.42994398611297935,0.1381505544282266,0.9270108940988175,0.33959277560506707,1.2181879474650916
1667,0.6896092628998265,2012,ITA,Italy,11.585501814789064,-0.3594587683392377,0.4340052744207368,0.13965131350868304,0.8780785737216054,0.33959277560506707,1.2953842399415625
1668,0.7014422305604427,2013,ITA,Italy,11.55625235162705,-0.3489471900703717,0.43703399709066226,0.14063865500898495,0.8166043464036827,0.33959277560506707,1.208290986891185
1669,0.7025687542406518,2014,ITA,Italy,11.601567736328363,-0.3365601947053867,0.43728612245395515,0.1377753646581125,0.7812875438068678,0.33959277560506707,0.7771793842918171
1670,0.6923022602958012,2015,ITA,Italy,11.577718422486118,-0.2930760197665885,0.43506292825108656,0.13789384563816398,0.8204702898494779,0.33959277560506707,-1.0846368388714775
1671,0.6953749587382643,2016,ITA,Italy,11.567508248052512,-0.11083564026030235,0.4322362277028364,0.14426219831506543,0.8149488975558514,0.33959277560506707,-1.4698265444079195
1672,0.6557748210005794,2017,ITA,Italy,11.52819114922063,-0.01055855346363595,0.4294016276653968,0.14415359075002304,0.8236248507953985,0.33959277560506707,-1.0406943339233325
1673,0.6194628877047159,2018,ITA,Italy,11.562991101093655,0.07733176498776333,0.42627043106626517,0.1435216921898463,0.839544049515888,0.33959277560506707,-0.339593646867795
1674,0.600068671916078,2019,ITA,Italy,11.574393495723216,0.2185614151152813,0.42257273869147244,0.14331007910772048,0.819114986018985,0.3395908196890267,-0.5842465122547639
1725,-0.7216246565721247,2010,JPN,Japan,12.32027942734043,-0.4040261527108769,1.5159100245778523,0.0999778016987576,1.6726791198191933,0.46054763809897303,-0.0011175952401915295
1726,-0.7166567632812346,2011,JPN,Japan,12.29795974600498,-0.352097904633326,1.5139399066027162,0.0957403643365608,1.6725257561969473,0.46054763809897303,1.181371254130159
1727,-0.7136135272565027,2012,JPN,Japan,12.301486774477054,-0.26793034607865385,1.5108585206715281,0.04351334807669641,1.7176666407710988,0.46054763809897303,1.3971249946413213
1728,-0.7138181089886124,2013,JPN,Japan,12.28784100187675,-0.16028462147545583,1.5073512937583007,0.04352135835527863,1.6866607730073195,0.46054763809897303,1.2332313275374294
1729,-0.757735649558295,2014,JPN,Japan,12.264342308370846,-0.1529565889408482,1.5032938820517197,NaN,1.651004579671141,0.46054763809897303,0.977889744730641
1730,-0.7699539459182243,2015,JPN,Japan,12.258088221509563,-0.07263828224047143,1.4987630129977072,NaN,1.6226523100642474,0.46054763809897303,-0.9999188563588377
1731,-0.7616008539338817,2016,JPN,Japan,12.249264501708687,-0.08848006802319115,1.4936042808399796,NaN,1.6020502003965067,0.46054763809897303,-1.4912039792475575
1732,-0.7679511635893189,2017,JPN,Japan,12.240413007581164,-0.035579229070674644,1.4869542275240917,NaN,1.5919450739235264,0.46054763809897303,-0.9912095310537999
1733,-0.7854647502191942,2018,JPN,Japan,12.229413662199327,0.00808402191539624,1.4787952254862038,NaN,1.56926465339193,0.46054763809897303,-0.26160559754541163
1734,-0.7939509196409287,2019,JPN,Japan,12.209533001586424,0.017761382024988302,1.469480411150447,NaN,1.5472852934912937,0.46054763809897303,-0.5019038002798617
1825,0.6664792787505773,2010,KOR,Republic of Korea,11.355626651633306,-0.6187288494087917,2.6033943009788643,-0.4264316723495328,1.22402463715439,-0.3039540917226032,-0.029224963270086363
1826,0.5411163602667424,2011,KOR,Republic of Korea,11.351765259048195,-0.570513649749528,2.630136851334662,-0.4206419723572034,1.2309900366351345,-0.30401360081281875,1.1548473997920896
1827,0.47446541955277416,2012,KOR,Republic of Korea,11.3676786280245,-0.5103493923728698,2.664932930918986,-0.41811883619287044,1.2552992289917573,-0.30329989550662206,1.3373473527749258
1828,0.435318142348303,2013,KOR,Republic of Korea,11.389687088464255,-0.46943410159541454,2.699708969206663,-0.41462781186191605,1.2563518187966902,-0.3026108164893947,1.1532638861002649
1829,0.3974556251799447,2014,KOR,Republic of Korea,11.393206581769503,-0.405131447893642,2.734168735353092,-0.414013630708787,1.2536409775812483,-0.3025870697799513,0.8622932452274128
1830,0.37662602688252456,2015,KOR,Republic of Korea,11.453089788104865,-0.2516355917758038,2.7668699874338745,-0.33157480199211603,1.286114482767432,-0.3024980283016214,-1.0347561575789888
1831,0.3482437874555208,2016,KOR,Republic of Korea,11.500599207838253,-0.1520314459609829,2.7905204729193946,-0.2940722993948049,1.345797919887797,-0.30223691901423994,-1.5224783746611021
1832,0.2925263830653695,2017,KOR,Republic of Korea,11.496082820599076,-0.06974677162333084,2.8056330734596124,-0.2943348788707342,1.3389670522581751,-0.30211234021449623,-1.028817981234645
1833,0.18768188678157097,2018,KOR,Republic of Korea,11.493764867528766,0.054509347211152616,2.8180180096401206,-0.2558373068929204,1.3367273813942921,-0.3020530264061229,-0.312673914106769
1834,0.036927329789630293,2019,KOR,Republic of Korea,11.522764898585416,0.07628923745269967,2.8275307500661215,-0.2840462008651331,1.3308490212256525,-0.30157873478312036,-0.5557432658019131
1945,0.10031423186508462,2010,LVA,Latvia,8.094357077223304,-1.453913327252983,-0.8077448349049604,-0.6232269530486595,-1.6214036128794935,-0.5619092963518262,NaN
1946,0.16494616936847506,2011,LVA,Latvia,7.97700741234376,-1.3617617350919653,-0.8106319007164324,-0.6382416394727058,-1.6804320527245258,-0.5619092963518262,NaN
1947,0.3140571206971073,2012,LVA,Latvia,7.940953997101921,-1.2402632304900332,-0.8133750861095309,-0.6387108484234556,-1.6814049148489028,-0.5619092963518262,NaN
1948,0.3283232206085428,2013,LVA,Latvia,7.9537049150669406,-1.1604982158538795,-0.8159778434536054,-0.6410568931772329,-1.6740750030088447,-0.5619092963518262,NaN
1949,0.28710000158844085,2014,LVA,Latvia,7.9961252941859815,-1.0906584994865964,-0.818381599499185,-0.6410568931772329,-1.6703131403322182,-0.5619092963518262,NaN
1950,0.23720490060337865,2015,LVA,Latvia,8.054776706857934,-1.021280714601782,-0.8206252446018439,-0.6407753678067831,-1.6364791606241285,-0.5619092963518262,NaN
1951,0.3794620328679352,2016,LVA,Latvia,8.06079261962832,-0.9171493493663128,-0.8227966459501297,-0.6407753678067831,-1.6149650965429003,-0.5619092963518262,NaN
1952,0.2921834272814446,2017,LVA,Latvia,8.107897756965206,-0.8001471309176212,-0.8249847166834732,-0.6407753678067831,-1.6003902170706152,-0.5619092963518262,NaN
1953,0.5535207002082991,2018,LVA,Latvia,8.116584272909245,-0.6690278169191142,-0.8272448483126439,-0.6407753678067831,-1.6792750748699372,-0.5619092963518262,NaN
1954,0.412908497760657,2019,LVA,Latvia,8.110676530620289,-0.5539232421246574,-0.8294874620931031,-0.6407753678067831,-1.5838984064685284,-0.5619092963518262,NaN
2025,0.8993492353812502,2010,LTU,Lithuania,8.385342671048393,-1.3117593205876292,-0.6880996836472287,-0.6901504559005511,-1.337985327722541,-0.5577600643962678,NaN
2026,0.7616273292168598,2011,LTU,Lithuania,8.378774446547277,-1.145747717071576,-0.692680911944823,-0.6901373218118215,-1.3563631871743882,-0.5577692930076149,NaN
2027,0.6587038487768035,2012,LTU,Lithuania,8.381838423166567,-1.0374621776108093,-0.6969396216532373,-0.6901373218118215,-1.3444234088574099,-0.5577692930076149,NaN
2028,0.6252044177398458,2013,LTU,Lithuania,8.379729506024109,-0.9173195094865417,-0.7010452056151897,-0.6901504559005511,-1.3639963003631232,-0.5577600643962678,NaN
2029,0.6218890681491038,2014,LTU,Lithuania,8.483214395377976,-0.8302210300369738,-0.7049304962295453,-0.6898219778970605,-1.3786583609314906,-0.5579908238654531,NaN
2030,0.6503861779014185,2015,LTU,Lithuania,8.534130934534161,-0.7915235761563739,-0.7085706027910162,-0.6385574736412907,-1.3166351514947852,-0.5579908238654531,NaN
2031,0.6214616975728036,2016,LTU,Lithuania,8.607094222663944,-0.667047096491536,-0.712085048959642,-0.6225983424874979,-1.2580215702569515,-0.5580646863438405,NaN
2032,0.5068098576069963,2017,LTU,Lithuania,8.648523162689909,-0.49815140512317485,-0.7154985498965065,-0.6225841230786145,-1.2341097793263336,-0.5580739198168865,NaN
2033,0.42590638955605303,2018,LTU,Lithuania,8.711054574222263,-0.34248070683289705,-0.7188069510554438,-0.6224276796121518,-1.1896783581816335,-0.5581754977501137,NaN
2034,0.36087290247167714,2019,LTU,Lithuania,8.745937031796737,-0.12718884222745214,-0.7219659640966004,-0.6222854105841985,-1.1842906035033134,-0.558267856808488,NaN
2045,-0.677192682326555,2010,LUX,Luxembourg,8.780301794179849,2.8652335774650015,0.3859055773205525,1.6055136274686328,-1.2764173925891036,-2.40419513205973,NaN
2046,-0.7397142500205613,2011,LUX,Luxembourg,8.834520470143618,3.1049317252774387,0.41753286458867694,1.6055136274686328,-1.2619612772953044,-2.40419513205973,NaN
2047,-0.7872612956239827,2012,LUX,Luxembourg,8.78770112905678,3.239299235439062,0.45273145240456464,1.6055136274686328,-1.2864909271310931,-2.40419513205973,NaN
2048,-0.8176959731401129,2013,LUX,Luxembourg,8.767188972886684,3.478978031383404,0.4881658546014378,1.6055136274686328,-1.2980886421580058,-2.40419513205973,NaN
2049,-0.8286589718816604,2014,LUX,Luxembourg,8.71703536192818,3.7383615609280176,0.5251202501764921,1.6055136274686328,-1.3234859250094821,-2.40419513205973,NaN
2050,-0.8369001728863056,2015,LUX,Luxembourg,8.642768014324304,3.9158071839616793,0.563020755868806,1.6055136274686328,-1.3357582949574285,-2.40419513205973,NaN
2051,-0.8419336117806873,2016,LUX,Luxembourg,8.61060520721021,4.216902485907285,0.6026258689273923,1.6055136274686328,-1.33670447248184,-2.40419513205973,NaN
2052,-0.8713834500524377,2017,LUX,Luxembourg,8.635564498451522,4.330445601932979,0.6393759017913818,1.6055136274686328,-1.3051497573631912,-2.40419513205973,NaN
2053,-0.8969922497519092,2018,LUX,Luxembourg,8.701253236163911,4.418097717697493,0.6724179290585812,1.7529492255822259,-1.2661458864039943,-2.40419513205973,NaN
2054,-0.9016430082541892,2019,LUX,Luxembourg,8.727476807079611,4.598464775917024,0.7066847428672195,1.7529492255822259,-1.2586619685732994,-2.40419513205973,NaN
2439,0.6542060300160035,2010,NLD,Netherlands,10.456637913139335,0.17348637821629811,2.555086145136184,1.0948059082631811,0.665851084709057,-0.9161213752233149,-0.03595489646034286
2440,0.5857075639834205,2011,NLD,Netherlands,10.453659458494355,0.2661614745728555,2.5734096686016112,1.0955793727474104,0.6651545173160768,-0.9162928796283796,1.1770165914776403
2441,0.5619409929881405,2012,NLD,Netherlands,10.40910141865652,0.3062153360824854,2.591619819768488,1.0955793727474104,0.6509782649172497,-0.9162928796283796,1.270048020872362
2442,0.5586776164264295,2013,NLD,Netherlands,10.36245172054146,0.42355461147482054,2.6094452365544765,1.0979025211938642,0.6169913753578289,-0.9168076981775809,1.1516803724084395
2443,0.5823865867398532,2014,NLD,Netherlands,10.277852354228783,0.42298564147529916,2.6282857377012943,1.1143688863523584,0.6030097194529664,-0.9168076981775809,0.7823258037902483
2444,0.5913597136501528,2015,NLD,Netherlands,10.283654339649617,0.48580588928245005,2.647191702207598,1.1150625673443786,0.5969901491684971,-0.9171511652909047,-1.100471975789728
2445,0.5976709607742163,2016,NLD,Netherlands,10.287230772745202,0.6049451870518952,2.6653096195238475,1.1384760382447943,0.6016881012257984,-0.9171511652909047,-1.497933912437814
2446,0.5633131471622419,2017,NLD,Netherlands,10.314293373613795,0.7716631059489782,2.6832734236574862,1.1358745414780846,0.6051700691132628,-0.9171511652909047,-1.0620717687629706
2447,0.5107836425782659,2018,NLD,Netherlands,10.319214164200325,0.9345492046886222,2.700399735650219,1.1558193500228582,0.5863798410360209,-0.9171511652909047,-0.3748268265109022
2448,0.43165387828240953,2019,NLD,Netherlands,10.303840951424762,1.076405032296187,2.7171743740871896,1.1558193500228582,0.5698559199315282,-0.9171511652909047,-0.6135415155535272
2479,-1.1680699966036756,2010,NZL,New Zealand,9.499228966287655,-0.6543657895011865,-0.9340189741740752,NaN,-0.6543695654810824,0.272455590399913,0.045991937091603416
2480,-1.1923907258830195,2011,NZL,New Zealand,9.49795319203007,-0.565060794490576,-0.9330487047857114,NaN,-0.6378034359774553,0.272455590399913,1.3033018084006873
2481,-1.1915114878887099,2012,NZL,New Zealand,9.473251410012681,-0.54846092485294,-0.9322428252302462,NaN,-0.6465876443026825,0.272455590399913,1.5139091294134184
2482,-1.1462635039835114,2013,NZL,New Zealand,9.47895811951949,-0.3598462543225685,-0.9311217926278357,NaN,-0.6383979960480279,0.272455590399913,1.3448690428110952
2483,-1.0960568958626644,2014,NZL,New Zealand,9.498512574294695,-0.3003121723664387,-0.929356278737045,NaN,-0.62492522809066,0.272455590399913,1.0491478608627678
2484,-1.066712658840983,2015,NZL,New Zealand,9.53346318594298,-0.2906576128241694,-0.927234190681458,NaN,-0.5971304778032891,0.272455590399913,-0.8498809340584149
2485,-1.074654932169099,2016,NZL,New Zealand,9.540126017375654,-0.1447889635417414,-0.9250814555335529,NaN,-0.5785577498756918,0.272455590399913,-1.3676899112852041
2486,-1.1089385931791436,2017,NZL,New Zealand,9.602641210057243,-0.007997125229984822,-0.9229101492717112,NaN,-0.5402439189093499,0.272455590399913,-0.9322236460333173
2487,-1.0843454192953883,2018,NZL,New Zealand,9.624187585214433,0.011437300522703761,-0.9203468893735833,NaN,-0.5380014040877277,0.272455590399913,-0.14957200384878933
2488,-0.9753463910731165,2019,NZL,New Zealand,9.592536853144992,0.20180527285553498,-0.9169994588865774,NaN,-0.5210477372470743,0.272455590399913,-0.40333007296375295
2559,-0.6179993747209479,2010,NOR,Norway,9.541899128629447,0.958621351367443,-0.9565742759412543,-1.1969153295472614,-0.399201153753999,0.4617270344595383,0.0634105877016788
2560,-0.607058224513897,2011,NOR,Norway,9.546417530564346,1.2105572579264832,-0.955292898336984,-1.200752431151021,-0.4113497751286801,0.4617270344595383,1.2557963976459365
2561,-0.5922670976977273,2012,NOR,Norway,9.556571973551542,1.4074833475977107,-0.9539778893889245,-1.202271283869181,-0.42673577833799625,0.4617270344595383,1.1390122628738395
2562,-0.5951597112497897,2013,NOR,Norway,9.560349850977378,1.502993270611571,-0.952740858639242,-1.2016883742516171,-0.40318853123254644,0.4615353877080752,1.172266050402165
2563,-0.5972624671759396,2014,NOR,Norway,9.585454170558513,1.4412241087387525,-0.9515911830741782,-1.2009558810094527,-0.4384191718863656,0.4615116254218152,0.8769407468767946
2564,-0.6325756576145621,2015,NOR,Norway,9.57143344160819,1.1069832197285705,-0.9505384371672044,-1.2018261300687174,-0.43870270914939613,0.46164262268246137,-1.1151194774391098
2565,-0.654020656300319,2016,NOR,Norway,9.535675101901198,1.0201671796602274,-0.9496101228436462,-1.2018677292159101,-0.46211911637411,0.46157150451363055,-1.3197886221074966
2566,-0.6040126712203547,2017,NOR,Norway,9.476557205759164,1.3372525027505489,-0.9487908141565592,-1.2018483406078133,-0.4656134819207594,0.4615353877080752,-1.0197127775066508
2567,-0.6262293204199427,2018,NOR,Norway,9.491211552874095,1.674452235842811,-0.9480895699183142,-1.2024752994888845,-0.4463273461396388,0.4615116254218152,-0.26793965231271166
2568,-0.667531326579595,2019,NOR,Norway,9.454639360616511,1.6543450768375707,-0.9473674578627941,-1.2022234625082733,-0.4711407604760978,0.46148944640716755,-0.4769634596336174
2759,0.7902654613282012,2010,POL,Poland,10.807169729608326,-1.2798504964616837,-0.13254982055267403,0.41500523481207174,0.2759135999828316,0.3598907599342043,-0.06208287237545594
2760,0.65738068828612,2011,POL,Poland,10.819153889516357,-1.1754405605872578,-0.13198855453143,0.41532008338462106,0.273172471272989,0.35979632905093273,1.1924558499729345
2761,0.5541999910081198,2012,POL,Poland,10.779455748473154,-1.1209810849836388,-0.13186851886746137,0.40260643307912564,0.2467194381501963,0.35977744102409337,1.2078951084682286
2762,0.5308707217411845,2013,POL,Poland,10.718140829552581,-1.0776809993400314,-0.13231100729153358,0.32963004676843977,0.19650237396976875,0.3597585523804311,1.1184265848801136
2763,0.531136876615968,2014,POL,Poland,10.726346998379041,-1.019484112166878,-0.13291956053278595,0.3213589796999267,0.19915842317353782,0.35972077324247953,0.6659375474411077
2764,0.5589017294242261,2015,POL,Poland,10.779791565949832,-0.9307624948404479,-0.13360608465807391,0.32050076359746754,0.23002963806690863,0.35972077324247953,-1.1760847545743738
2765,0.5798594395830161,2016,POL,Poland,10.910421591283903,-0.8512720842199394,-0.13410879937287296,0.3110603864706484,0.2952443173669824,0.35972077324247953,-1.5367299978875275
2766,0.5157422667939145,2017,POL,Poland,11.054324734851747,-0.7453820241389749,-0.13409190324321793,0.31840290201374616,0.3518222151024844,0.35972077324247953,-1.0620717687629706
2767,0.4643604723478417,2018,POL,Poland,11.082763894264282,-0.6231638379756631,-0.13436311903871845,0.31728282929195684,0.36938079662620604,0.3596829916367543,-0.41164351984583414
2768,0.4014009408486877,2019,POL,Poland,11.098039822641873,-0.4486769943058983,-0.13502887043317513,0.33318895064178394,0.3825865506238754,0.3595696320097159,-0.6321478014324714
2779,0.9598465032502558,2010,PRT,Portugal,9.850859683789725,-0.8852311840904469,-0.2093120827421743,-0.6073310001048855,-0.2520530717364865,-0.33833908812819996,-0.012993947928879803
2780,0.8353462708406566,2011,PRT,Portugal,9.777025966970248,-0.9144720425404191,-0.21119494061913593,-0.6226326524486264,-0.2953138065290071,-0.33833908812819996,1.301322416285906
2781,0.7514545191396261,2012,PRT,Portugal,9.6947626757259,-0.9341963359762313,-0.21460715423183635,-0.7032041404334273,-0.3600482317997914,-0.33833908812819996,1.296571875210431
2782,0.7471775029926078,2013,PRT,Portugal,9.671903480032315,-0.8450158801844739,-0.2192020969203843,-0.7023520878204337,-0.33800420841056045,-0.33824310680589265,1.1987899047402344
2783,0.7603064859949865,2014,PRT,Portugal,9.693141142399224,-0.7970097043611669,-0.22368615418660795,-0.7018421546828486,-0.3265405372278278,-0.33824064433679124,0.8219136460858744
2784,0.9227768230534227,2015,PRT,Portugal,9.703245376357584,-0.7423217809525584,-0.2271149713552896,-0.7018421546828486,-0.3327364389764894,-0.33824064433679124,-1.0300056165035136
2785,1.1848102697385732,2016,PRT,Portugal,9.730981267970385,-0.6264146529329844,-0.22972472852450684,-0.7018421546828486,-0.3195415080177899,-0.33824064433679124,-1.4539914074896692
2786,1.0434833553821525,2017,PRT,Portugal,9.751459867559694,-0.540852691519427,-0.23173873255069508,-0.7018421546828486,-0.3219338012466773,-0.33824064433679124,-1.0240674401591696
2787,1.0490646628309703,2018,PRT,Portugal,9.755207937562696,-0.42868727736989987,-0.23315157082089116,-0.7018421546828486,-0.32566881523827096,-0.33824064433679124,-0.32059148256589426
2788,0.9469194536727745,2019,PRT,Portugal,9.783620659656675,-0.2875478554047711,-0.23314451979535553,-0.708156517414098,-0.30284566577630356,-0.33824064433679124,-0.5371369799229689
3131,1.1958537108116787,2010,SVK,Slovakia,8.912133777188185,-1.0066381929585762,-0.2338027666750824,0.685960541242203,-1.0741293615350085,-0.7109591108016659,-0.029224963270086363
3132,1.0553047366987172,2011,SVK,Slovakia,8.861157293795745,-0.9447915251964928,-0.23285076851263994,0.6871050352050339,-1.0857116189549643,-0.7109951934352153,1.165536117211909
3133,0.927490809890384,2012,SVK,Slovakia,8.84341160827904,-0.9007006696811558,-0.2318472042402115,0.6915428216476273,-1.1373046458547658,-0.7109951934352153,1.2023528105468408
3134,0.8791459617394151,2013,SVK,Slovakia,8.833551638049467,-0.8399501124782326,-0.23101636815038137,0.6914942482565385,-1.1381194342495675,-0.7109951934352153,1.101799691115951
3135,0.881777717031117,2014,SVK,Slovakia,8.796009075120363,-0.7799058520803747,-0.2302818619426101,0.6893081488429721,-1.1898682154038256,-0.7110914247975276,0.6402054499489505
3136,0.8930495746012383,2015,SVK,Slovakia,8.894725108593855,-0.7184270328876141,-0.2295399682495785,0.688771420106957,-1.1301922805225892,-0.7110673654559195,-1.1384763043935289
3137,0.9111673063138004,2016,SVK,Slovakia,8.927921756532765,-0.737756131076736,-0.228512156933944,0.6888192977691618,-1.101357584187873,-0.7110914247975276,-1.4702224228308756
3138,0.8660533929611982,2017,SVK,Slovakia,8.946757565387706,-0.7133760181289078,-0.227262794203916,0.688906744420864,-1.025531000245624,-0.7110914247975276,-1.0193168990836945
3139,0.7784573215476959,2018,SVK,Slovakia,8.962988653209104,-0.6403122242853014,-0.22614797879207113,0.6890099800513767,-1.0177158539616225,-0.7110914247975276,-0.36888865016655803
3140,0.7784573215476959,2019,SVK,Slovakia,9.00246097839333,-0.5161666570875905,-0.2250547772603694,0.6905542636299375,-1.0558141880255436,-0.7110914247975276,-0.6562963852328033
3171,0.32284883856340024,2010,SVN,Slovenia,8.575314918898354,-0.8517897767583246,-0.30746261420059917,0.2664707913967751,-1.342168000722667,-1.2142117986716117,NaN
3172,0.0064582242797471,2011,SVN,Slovenia,8.63931878450674,-0.7857503767846293,-0.3044975189903569,0.2390823215823634,-1.344806892717701,-1.2142175407120253,NaN
3173,0.3965012414685009,2012,SVN,Slovenia,8.642602186499074,-0.7787902035957852,-0.30307799541171715,0.23910841745375447,-1.3593298212184306,-1.2142261538795287,NaN
3174,0.5627606440701852,2013,SVN,Slovenia,8.588074678345773,-0.7233425669463106,-0.30198494016685223,0.23953190046302889,-1.397916750401046,-1.2143898284366295,NaN
3175,0.5423299470465387,2014,SVN,Slovenia,8.591049417598887,-0.6701682712821008,-0.3010590907764948,0.2394739114553193,-1.4055813337446104,-1.2143898284366295,NaN
3176,0.5757390045998944,2015,SVN,Slovenia,8.585533850258754,-0.6249721464831797,-0.298900701642346,0.23923896465467032,-1.4159675737685267,-1.2143151641216705,NaN
3177,0.564820365004144,2016,SVN,Slovenia,8.652915681831823,-0.4873832225313521,-0.2955752361238914,0.23929117065101285,-1.3670976912466377,-1.2143323934927521,NaN
3178,0.5877172981187568,2017,SVN,Slovenia,8.675269868705735,-0.3340832082212286,-0.2925327624913029,0.23963928462676776,-1.3506755793525942,-1.2144443969164893,NaN
3179,0.4370865494889665,2018,SVN,Slovenia,8.671631258515246,-0.18578998816990236,-0.28979573577403533,0.23971477733053148,-1.3317785243081826,-1.2144932257100782,NaN
3180,0.32873139095755755,2019,SVN,Slovenia,8.63497622707262,-0.0006017796520902296,-0.28726248662048526,0.23971477733053148,-1.3647771008519178,-1.2144932257100782,NaN
3251,-0.24363499830271013,2010,ESP,Spain,11.428628654753524,-0.6214564478003286,-0.37285055550755525,-0.6029505620490563,0.9173056572715395,0.6433803307926818,-0.06406226449023714
3252,-0.2952081329448338,2011,ESP,Spain,11.370421135687177,-0.610651702649901,-0.3705598206721178,-0.5974311295624918,0.8850085198617839,0.6432299306113359,1.1497009802936584
3253,-0.27807391632304523,2012,ESP,Spain,11.283964651146695,-0.6194382371471564,-0.3701666747981115,-0.6121938630375946,0.8383506077865059,0.6436116393486202,1.188497065743372
3254,-0.2740673585500298,2013,ESP,Spain,11.293986935147764,-0.575478793421638,-0.3724013525176721,-0.6037885232513218,0.7955507665942176,0.6436116393486202,1.081214013122225
3255,-0.26811727432197213,2014,ESP,Spain,11.297401312174154,-0.51023351729339,-0.37443525155367047,-0.6082246748051993,0.7937446472748899,0.6436116393486202,0.6972119428546519
3256,-0.2714680450216716,2015,ESP,Spain,11.335545956115183,-0.42768330460608,-0.37492136271248827,-0.5952511272945672,0.8166459620524819,0.6429764756838642,-1.1855858367253242
3257,-0.26679444486969023,2016,ESP,Spain,11.369013869682318,-0.28553054116095566,-0.374306738567507,-0.5986380668321596,0.8394339108321648,0.6428641793250764,-1.5588991895730782
3258,-0.315934116222593,2017,ESP,Spain,11.399196363507375,-0.15047287771944104,-0.37268375925619085,-0.6039263342132367,0.8429963662021807,0.6428448436281385,-1.0992843405208594
3259,-0.3519103765793641,2018,ESP,Spain,11.410847555660053,-0.08049813290543383,-0.36964015190061683,-0.6005804661871482,0.8561176560600882,0.6429099108861698,-0.41322703353765944
3260,-0.31115524585894344,2019,ESP,Spain,11.423280586995272,0.05995125985771888,-0.36467181206103594,-0.5946748454516877,0.8567377135886783,0.642871126124226,-0.6578798989246283
3340,-0.4420561057610035,2010,SWE,Sweden,9.95840793607574,0.0055342966583640935,-0.8862687709557843,-0.7133851851738435,-0.12065709880085851,0.5248198284190652,-0.018140367427311014
3341,-0.5550742712155469,2011,SWE,Sweden,9.940264898482054,0.1476418938964702,-0.8847303820078706,-0.7100879779352374,-0.17291718453352964,0.5248198284190652,1.235606598075167
3342,-0.5182042071748014,2012,SWE,Sweden,9.881923204320545,0.1966923307138223,-0.883139227397909,-0.7151054672113772,-0.18320811713707996,0.5248198284190652,1.302510051554775
3343,-0.5217714769890636,2013,SWE,Sweden,9.857995817563227,0.24908407512022324,-0.8814699336740494,-0.7279359040745762,-0.1922155753952964,0.5248198284190652,1.1734536856710338
3344,-0.5177053323037832,2014,SWE,Sweden,9.835682368326477,0.3010179329008551,-0.879699687404087,-0.7333834638600996,-0.2070813019827274,0.5248198284190652,0.7241316756156779
3345,-0.43652710237961856,2015,SWE,Sweden,9.841242399618165,0.415239797993247,-0.8778708093699191,-0.7313923633713155,-0.2205975812470627,0.5247785066413142,-1.1190782616686723
3346,-0.2907036934160041,2016,SWE,Sweden,9.803043265730567,0.49425426019680124,-0.87600348715503,-0.7332561352085529,-0.19852440865105733,0.5247785066413142,-1.4666595170242693
3347,-0.2630851595811964,2017,SWE,Sweden,9.779748628234419,0.5846159069650629,-0.8741201684745323,-0.733829603466178,-0.20566775615815744,0.5247785066413142,-1.0011064916277066
3348,-0.2465041081282678,2018,SWE,Sweden,9.747061201999992,0.6783102131988163,-0.8722504837272281,-0.7315357304357364,-0.2374790419654969,0.5247785066413142,-0.31544506306746306
3349,-0.2467914494607453,2019,SWE,Sweden,9.738088007458055,0.8499391053981172,-0.8703536335143229,-0.7319856260290168,-0.18987984350113407,0.5247401642071172,-0.5802877280252015
3360,-0.6210018930222987,2010,CHE,Switzerland,9.700251402440884,0.7275815354389001,0.3931659393197352,2.2726896547968556,-0.31295217517351226,-0.8245910091156241,0.05786828978029113
3361,-0.6438769776024141,2011,CHE,Switzerland,9.689200293238725,0.9147923753321703,0.40955525822847,NaN,-0.3340469064659496,-0.8245997920421533,1.3084482278991192
3362,-0.6304262252738047,2012,CHE,Switzerland,9.696466458127825,1.0307354514746054,0.42524225403353855,NaN,-0.3212072844176921,-0.8246085751020517,1.2605469387214112
3363,-0.6261948924261898,2013,CHE,Switzerland,9.69102921050063,1.1626460471960136,0.44238824160582585,NaN,-0.28965968706400647,-0.8246173582953232,1.2229384885405663
3364,-0.5862044604131693,2014,CHE,Switzerland,9.68441694551192,1.2674664097148234,0.46079112568023844,NaN,-0.3651692626509606,-0.8246261416219733,0.8888170995654824
3365,-0.5632171538149547,2015,CHE,Switzerland,9.637523265757467,1.3774937366784539,0.47817972997142416,2.3399245407219555,-0.3566102962853263,-0.8246349250820061,-0.992793044745625
3366,-0.5436802604752825,2016,CHE,Switzerland,9.626897073640839,1.501671936546619,0.4950546480350481,NaN,-0.3956887345940927,-0.8246437086754244,-1.3748157228984168
3367,-0.5544552294047941,2017,CHE,Switzerland,9.609445967851741,1.5518489366565376,0.5096377633693253,NaN,-0.37886519098464083,-0.8246437086754244,-0.9163885091150666
3368,-0.5731774372384436,2018,CHE,Switzerland,9.609813564358348,1.7004174473792688,0.521251402202597,NaN,-0.4043132331234085,-0.8246437086754244,-0.2825871539620935
3369,-0.5804089711185992,2019,CHE,Switzerland,9.607005540610539,1.818296293509235,0.5325723210753528,NaN,-0.38921199980492804,-0.8246437086754244,-0.5893929317531956
3540,3.5616891649955327,2010,TUR,Turkey,10.723090936745471,-1.4755372593539704,-0.35912611464815863,-1.1493486041824197,0.3902996907631107,0.8928331103036774,-0.04743537072607411
3541,4.818890254185767,2011,TUR,Turkey,10.76607872887601,-1.3418721957715707,-0.34982673357368826,-1.1475276274297541,0.37529847939108685,0.8928331103036774,1.2015610537009287
3542,4.444989000491188,2012,TUR,Turkey,11.043321275937627,-1.2801557952341176,-0.3393385817770089,-1.1475276274297541,0.4094539141245708,0.8928331103036774,1.276382075639662
3543,4.693631943836796,2013,TUR,Turkey,11.139902328869393,-1.1762199516091314,-0.3269963028381231,-1.1446444142380165,0.45577227644972335,0.8928331103036774,1.1445545607952272
3544,4.105240978676475,2014,TUR,Turkey,11.20584661885254,-1.0731085815616581,-0.3123991000814582,-1.1306456554518212,0.4752794945957501,0.8928331103036774,0.8017238465151049
3545,3.626979868917853,2015,TUR,Turkey,11.235822700441553,-0.9688612163947948,-0.29781934934442816,-1.1289764267618507,0.6000434212020537,0.8928331103036774,-1.1099730579406781
3546,3.3118644145566694,2016,TUR,Turkey,11.312536063274608,-0.9188492016296512,-0.28476863251209605,-1.1289764267618507,0.6428921360545858,0.8928331103036774,-1.5113937788183267
3547,3.078512134975052,2017,TUR,Turkey,11.347697221534947,-0.8297112444292613,-0.27459561913367814,-1.1260932135701132,0.6756943346661032,0.8928331103036774,-1.086616230986259
3548,2.2850925358630554,2018,TUR,Turkey,11.345886689280789,-0.8244473473924644,-0.26775791637783414,-1.121996015876579,0.6510383485291212,0.8928331103036774,-0.3285090510250196
3549,1.644966889320692,2019,TUR,Turkey,11.319675853907304,-0.8405316608466925,-0.26136774162759147,-1.1196059838886963,0.6539027810223005,0.8928331103036774,-0.5688072537594696
3680,0.46202963096307753,2010,GBR,United Kingdom of Great Britain and Northern Ireland,11.715361855220907,-0.33538029737809205,0.8426897362360631,0.4425143784179667,0.972434951213503,0.22347470463774963,0.04520018024569049
3681,0.40013968453907955,2011,GBR,United Kingdom of Great Britain and Northern Ireland,11.698427541876955,-0.2929188337071545,0.8586016480527722,0.4429476396948349,0.9583276828716961,0.22347470463774963,1.3472443133488323
3682,0.3133639262844252,2012,GBR,United Kingdom of Great Britain and Northern Ireland,11.690351474771518,-0.2255664487904848,0.8743946286711307,0.441186836901178,0.9395217020369829,0.22347470463774963,1.312802890551638
3683,0.24870385051690944,2013,GBR,United Kingdom of Great Britain and Northern Ireland,11.681591710941182,-0.12864477094272997,0.8893168368932023,0.441186836901178,0.9224492503387021,0.22347470463774963,1.2197714611569164
3684,0.20904379482855837,2014,GBR,United Kingdom of Great Britain and Northern Ireland,11.69519310364396,-0.05044473718535028,0.903562907355401,0.4818699501118532,0.9224098422114599,0.22347470463774963,0.8159754697415302
3685,0.1979162700014788,2015,GBR,United Kingdom of Great Britain and Northern Ireland,11.716911721516423,0.022154364263547482,0.9171940610989453,0.44723318508227444,0.9413136892112176,0.22347470463774963,-1.015358114854132
3686,0.17048311767149557,2016,GBR,United Kingdom of Great Britain and Northern Ireland,11.738870687934629,0.11484246897498808,0.9302195873379737,0.44866934363228883,0.9612102284200295,0.22347470463774963,-1.3791703855509356
3687,0.10163573716376056,2017,GBR,United Kingdom of Great Britain and Northern Ireland,11.740428858345828,0.2341373884337921,0.9426034263672054,0.4531347105524817,0.9703122943333493,0.22347470463774963,-0.9805208136339811
3688,0.041081861728103734,2018,GBR,United Kingdom of Great Britain and Northern Ireland,11.726218741225523,0.29643562514807603,0.9537349769296726,0.453255396144909,0.9611500079334286,0.22347470463774963,-0.2695231660045364
3689,-0.0025642273523716584,2019,GBR,United Kingdom of Great Britain and Northern Ireland,11.71094597907468,0.4222099972611586,0.9641854891232331,0.453255396144909,0.9472960571284337,0.22347470463774963,-0.549409211034613
3720,-2.1801503910399624,2010,USA,United States of America,14.350446101661408,0.3835152527325902,-0.8059296639474045,-0.8927159457401388,2.6401955328404627,2.324553159204452,-0.13611213746827688
3721,-2.192167416051797,2011,USA,United States of America,14.336122097087747,0.46577450026642153,-0.8037757073044118,-0.8936575502894771,2.626317936928936,2.324553159204452,0.9094027775592083
3722,-2.1998849143053136,2012,USA,United States of America,14.328022423225624,0.5665779239145765,-0.8015570260504595,-1.0233097937845066,2.6103129033654944,2.324553159204452,0.8591262178437628
3723,-2.205268922866854,2013,USA,United States of America,14.334004663620409,0.6541904065493019,-0.7993790271658325,-1.0207406497107752,2.6215255903615646,2.324553159204452,0.7047336328908214
3724,-2.211136578532945,2014,USA,United States of America,14.35323068447784,0.7612312014796782,-0.7972530332517018,-1.025173851604202,2.6262259136945745,2.324553159204452,0.39476082771606924
3725,-2.2138199758152766,2015,USA,United States of America,14.358954425318252,0.8568641358988621,-0.7951949822589413,-1.028996446886506,2.640159904018671,2.324553159204452,-1.3320608532191405
3726,-2.2165033730976087,2016,USA,United States of America,14.381756642537704,0.9206941434781123,-0.7931140812622662,-1.0304806710066339,2.645092554381473,2.324553159204452,-1.643617172085718
3727,-2.218435975285402,2017,USA,United States of America,14.393962096958072,1.0395649787315109,-0.7910502519394506,-1.0314510024744148,2.6517334125188556,2.324553159204452,-1.2406129375162445
3728,-2.2215642881793123,2018,USA,United States of America,14.411922523339113,1.2098672112797717,-0.7891721410703444,-1.0330587600044132,2.6681593739446035,2.324553159204452,-0.8023755233036638
3729,-2.2233575232000864,2019,USA,United States of America,14.414708230086603,1.3432723787830705,-0.7874292943249219,-1.0361665360334804,2.6670987050088035,2.324553159204452,-0.9155967522691543
