level_0,index,Country,CountryCode,year,PetrolTax,GHGEmissions,Population_density,Land_area,Density_raillines,Oil_price,Oil_consumption,GDP,GHGEmissions_log,Land_area_log,Oil_consumption_log,GDP_standardized,Population_density_standardize,PetrolTaxDiff
0,170.0,Australia,AUS,2010,0.2895981,88652.75,2.862599,7682300.0,0.11214594587558,82.6,519.30676,42823.915178,11.3924823318898,15.854429539455587,6.252494768289136,0.04138560897599027,-1.033815642150088,NaN
1,171.0,Australia,AUS,2011,0.2803362,91270.55,2.906523,7682300.0,0.11493060671934,115.66,547.0603,44460.605016,11.421583451569242,15.854429539455587,6.30455903400622,0.13883141694593018,-1.0334943669990209,-0.009261900000000045
2,172.0,Australia,AUS,2012,0.2754801,91810.4,2.954916,7682300.0,NaN,117.78,561.41907,43911.683304,11.42748085995213,15.854429539455587,6.330467632000665,0.10614952542551431,-1.033140404054262,-0.004856099999999974
3,173.0,Australia,AUS,2013,0.2688926,93157.12,3.004645,7682300.0,NaN,114.19,578.03705,47796.022174,11.442042808964809,15.854429539455587,6.359637966964059,0.33741664203370925,-1.0327766691488023,-0.006587500000000024
4,174.0,Australia,AUS,2014,0.2632259,93120.28,3.0511594,7682300.0,NaN,107.05,575.4282,47648.633963,11.441647269833597,15.854429539455587,6.355114459301302,0.3286413915417228,-1.032436446926628,-0.005666699999999969
5,175.0,Australia,AUS,2015,0.2649112,95256.06,3.0967472,7682300.0,NaN,57.9,570.5786,47266.591718,11.464323913012395,15.854429539455587,6.34665093369474,0.30589522768201016,-1.0321030021736042,0.0016853000000000007
6,176.0,Australia,AUS,2016,0.2649201,96247.37,3.1455595,7692020.0,NaN,46.87,571.723,50152.476571,11.47467692710138,15.855693985791431,6.348654608351012,0.4777160422796237,-1.0317459723253113,8.89999999997837e-06
7,177.0,Australia,AUS,2017,0.2641272,97873.73,3.1968634,7692020.0,NaN,56.99,599.5797,50758.582318,11.491433457474564,15.855693985791431,6.3962289097513825,0.5138025767349316,-1.0313707180628846,-0.0007928999999999853
8,178.0,Australia,AUS,2018,0.2646532,100147.87,3.2474213,7692020.0,0.11950046931755,76.03,610.1112,53118.792237,11.514403072769943,15.855693985791431,6.413641235635595,0.6543255745539122,-1.031000920299472,0.0005259999999999709
9,179.0,Australia,AUS,2019,0.264582,100204.51,3.2965553,7692020.0,0.1183174250717,70.21,604.19446,52921.968891,11.514968476600023,15.855693985791431,6.403896099761247,0.642607037826297,-1.0306415374274085,-7.119999999999349e-05
10,190.0,Austria,AUT,2010,0.6722034,22566.96,101.343056,82520.0,6.4844886088221,80.0,151.91782,42019.005887,10.024242168670671,11.320795967185187,5.023339716743359,-0.006537359923146316,-0.3134959148980299,NaN
11,191.0,Austria,AUT,2011,0.7049698,21916.32,101.686874,82520.0,5.9585555016966,110.92,144.39825,44469.209642,9.994986843756308,11.320795967185187,4.972575107271715,0.13934372215696136,-0.31098111251460525,0.03276639999999997
12,192.0,Austria,AUT,2012,0.6882775,21732.3,102.1527,82520.0,6.0409597673291,112.5,141.86986,46477.655075,9.986554912104017,11.320795967185187,4.954910158504489,0.25892324384653215,-0.3075739019117248,-0.016692299999999993
13,193.0,Austria,AUT,2013,0.6515199,22911.18,102.757416,82520.0,5.9985458070771,110.63,146.01463,47936.677963,10.039380280013782,11.320795967185187,4.983706822167555,0.3457910552466022,-0.30315080237041214,-0.036757599999999946
14,194.0,Austria,AUT,2014,0.6232699,22225.64,103.563576,82520.0,6.0058167716917,103.81,140.00055,48813.534409,10.009001856367947,11.320795967185187,4.941646351173016,0.39799763884617595,-0.2972542725510845,-0.028249999999999997
15,195.0,Austria,AUT,2015,0.6177819,22702.12,104.73124,82520.0,5.982792050412,55.52,138.95682,49942.056293,10.03021359117921,11.320795967185187,4.934163237387753,0.46518796669260515,-0.28871357889851496,-0.005488000000000048
16,196.0,Austria,AUT,2016,0.6123223,23554.97,105.87119,82520.0,5.9585555016966,42.89,143.46887,52665.087457,10.067092117518387,11.320795967185187,4.966118077868226,0.6273127417981657,-0.280375594915754,-0.005459600000000009
17,197.0,Austria,AUT,2017,0.5998381,24304.96,106.61048,82520.0,6.0021812893844,54.73,145.84715,54188.360666,10.098435723726299,11.320795967185187,4.9825591554988815,0.718005911122999,-0.27496817513539923,-0.012484199999999945
18,198.0,Austria,AUT,2018,0.5880861,24422.26,107.13182,82520.0,6.0046049442559,71.12,148.17715,56956.110562,10.103250290475025,11.320795967185187,4.998408517438721,0.8827931656244457,-0.2711549161595032,-0.011752000000000096
19,199.0,Austria,AUT,2019,0.5792184,24471.82,107.609535,82520.0,6.020358700921,64.52,153.58403,59716.251399,10.105277530458805,11.320795967185187,5.0342478439540095,1.0471273893286508,-0.2676607453464635,-0.008867699999999923
20,310.0,Belgium,BEL,2010,0.8334149,26707.87,359.2453,30280.0,11.829590488771,79.65,374.98312,39837.995894,10.19271355751047,10.318242707551384,5.926881011623947,-0.13639109031479194,1.5728892595307775,NaN
21,311.0,Belgium,BEL,2011,0.8049821,26304.24,361.81445,30280.0,11.846103038309,110.5,350.51743,40942.230717,10.177485421901874,10.318242707551384,5.859410434196832,-0.07064677394067233,1.5916809008740915,-0.028432799999999925
22,312.0,Belgium,BEL,2012,0.7827546,25483.1,364.3045,30280.0,11.862615587847,110.83,337.58096,42290.858433,10.145770766335865,10.318242707551384,5.821805363027104,0.009648291370459056,1.6098939777777048,-0.022227500000000067
23,313.0,Belgium,BEL,2013,0.7741377,24995.69,366.68625,30280.0,11.9270145310435,108.45,345.84137,43671.146878,10.12645868898775,10.318242707551384,5.845980201720949,0.09182838416003555,1.6273149114598318,-0.008616899999999927
24,314.0,Belgium,BEL,2014,0.7715145,25243.3,369.11252,30280.0,11.99141347424,98.49,338.91125,44929.532494,10.136316052958232,10.318242707551384,5.825738273694973,0.16675058398178982,1.645061479640764,-0.0026232000000000477
25,315.0,Belgium,BEL,2015,0.7676772,26918.59,371.4764,30280.0,11.91215323646,51.65,348.0553,46200.86629,10.200572404972357,10.318242707551384,5.852361375195906,0.2424436970410711,1.6623517060341753,-0.0038373000000000435
26,316.0,Belgium,BEL,2016,0.7545156,26633.73,373.73965,30280.0,11.895640686922,42.06,352.98425,48597.487117,10.18993373659237,10.318242707551384,5.866423438374164,0.38513454014545695,1.678905890208028,-0.013161599999999996
27,317.0,Belgium,BEL,2017,0.7312896,26058.43,375.97394,30280.0,11.905548216645,53.01,357.46762,50442.060625,10.168096603276892,10.318242707551384,5.879044784605468,0.49495739825439006,1.6952482510421378,-0.02322599999999997
28,318.0,Belgium,BEL,2018,0.7154217,26232.44,378.0911,30280.0,11.91215323646,70.57,383.1617,52530.381806,10.174752091790339,10.318242707551384,5.948457093293658,0.6192925899679004,1.7107338830162964,-0.015867899999999935
29,319.0,Belgium,BEL,2019,0.6960599,25993.75,380.1377,30280.0,11.93857331572,63.78,358.85114,55804.725289,10.165611403491221,10.318242707551384,5.88290765068586,0.8142415893836608,1.7257034150300854,-0.019361800000000096
30,610.0,Canada,CAN,2010,0.2607728,161306.62,3.7881963,8965590.0,0.7028539114548,79.14,1266.4891,40099.497886,11.991062304808628,16.008904474345012,7.144003863009116,-0.12082169389981366,-1.0270455070898774,NaN
31,611.0,Canada,CAN,2011,0.2797499,159436.13,3.8283634,8965590.0,0.7028539114548,110.8,1268.1564,41666.718851,11.979398682138507,16.008904474345012,7.1453194712395245,-0.027511947815929146,-1.0267517111896765,0.01897709999999997
32,612.0,Canada,CAN,2012,0.2818685,159856.58,3.869447,8965590.0,0.7028539114548,110.61,1285.4945,42290.879082,11.982032317231656,16.008904474345012,7.158898748205932,0.009649520777792003,-1.0264512116951774,0.002118600000000026
33,613.0,Canada,CAN,2013,0.2810603,163700.7,3.910919,8965590.0,0.69432128839262,108.6,1277.7136,44298.514462,12.005795039464928,16.008904474345012,7.1528275096667935,0.1291808132505308,-1.026147871310307,-0.0008082000000000367
34,614.0,Canada,CAN,2014,0.2778318,163298.01,3.9489443,8965590.0,0.69394206070097,98.6,1274.6562,45753.782936,12.003332092723864,16.008904474345012,7.150431774172398,0.21582509304602374,-1.0258697412674633,-0.0032284999999999675
35,615.0,Canada,CAN,2015,0.2708875,161491.25,3.9854734,8965590.0,0.70799579280337,53.48,1277.9789,44670.054374,11.99220624061052,16.008904474345012,7.153035124629042,0.15130168556080442,-1.0256025549428838,-0.006944300000000014
36,616.0,Canada,CAN,2016,0.2653539,160410.9,4.028015,8965590.0,0.68891171690876,43.6,1273.5061,46472.368771,11.985493927217927,16.008904474345012,7.149529084357,0.2586085060431348,-1.0252913911379788,-0.005533600000000027
37,617.0,Canada,CAN,2017,0.2717646,162757.4,4.0771823,8965590.0,0.68894517817567,54.3,1260.5651,48317.191163,12.000016027547138,16.008904474345012,7.139315391466511,0.3684461822940932,-1.024931764698332,0.006410700000000047
38,618.0,Canada,CAN,2018,0.273764,167075.7,4.130822,8965590.0,0.70222930113913,70.88,1300.6892,49992.811418,12.026202282105643,16.008904474345012,7.17064955681388,0.4682098429512637,-1.024539425596231,0.0019993999999999845
39,619.0,Canada,CAN,2019,0.2773339,168097.03,4.1851773,8965590.0,0.72261836644326,63.12,1297.2765,49832.414539,12.032296651185895,16.008904474345012,7.168022345867302,0.45866007786619956,-1.0241418523511079,0.0035699000000000147
40,710.0,Chile,CHL,2010,0.6422105,20680.0,22.869448,743532.0,NaN,NaN,182.12952,18041.314313,9.936922328622366,13.519167083633368,5.204718082326828,-1.4341294879085176,-0.887478709383284,NaN
41,711.0,Chile,CHL,2011,0.6725573,21815.196,23.097282,743532.0,NaN,NaN,189.07631,20235.570348,9.990362070160943,13.519167083633368,5.242150690185631,-1.3034871100681462,-0.8858122536240591,0.030346800000000007
42,712.0,Chile,CHL,2012,0.681763,22553.869,23.323502,743532.0,NaN,NaN,196.13606,21458.812331,10.02366190449302,13.519167083633368,5.278808602069949,-1.2306573040727438,-0.8841576032125673,0.009205699999999983
43,713.0,Chile,CHL,2013,0.6912751,24548.931,23.54966,743532.0,NaN,NaN,195.0727,22295.740021,10.10842358848642,13.519167083633368,5.273372309596269,-1.1808280126144892,-0.8825034062902696,0.009512100000000023
44,714.0,Chile,CHL,2014,0.7086681,23221.267,23.787958,743532.0,NaN,NaN,193.4745,22650.712398,10.052823818793412,13.519167083633368,5.265145720839965,-1.1596935439566742,-0.8807604132580102,0.017392999999999992
45,715.0,Chile,CHL,2015,0.7005404,24962.735,24.0341,743532.0,NaN,NaN,190.19441,22563.582179,10.12513939180094,13.519167083633368,5.248046759563724,-1.1648811331943687,-0.8789600465283426,-0.008127700000000071
46,716.0,Chile,CHL,2016,0.7031955,26592.848,24.321589,743532.0,NaN,NaN,200.9175,23384.612377,10.188397586436734,13.519167083633368,5.302894376041143,-1.1159983521357442,-0.8768572537065346,0.0026551000000000213
47,717.0,Chile,CHL,2017,0.6981694,27517.411,24.704494,743532.0,0.27665251798174,NaN,204.00137,24479.458726,10.222574210586874,13.519167083633368,5.318126709507941,-1.050813009987097,-0.8740565556435327,-0.005026099999999922
48,718.0,Chile,CHL,2018,0.7054511,28807.334,25.152182,743532.0,0.32224571370163,NaN,211.3997,25496.431051,10.2683852864833,13.519167083633368,5.35375065432444,-0.9902641585237122,-0.8707820125729819,0.0072816999999999465
49,719.0,Chile,CHL,2019,0.7289807,29218.708,25.606812,743532.0,0.32224571370163,NaN,210.55196,25509.445481,10.28256446803691,13.519167083633368,5.349732463517352,-0.9894893008706777,-0.8674566933413641,0.02352960000000004
50,930.0,Czech Republic,CZE,2010,1.066954,16795.0,135.55634,77230.0,12.260582675126,79.04,106.87343,27766.983552,9.728836502046393,11.25454326156331,4.671645237090544,-0.8550792151941422,-0.06324826018540812,NaN
51,931.0,Czech Republic,CZE,2011,1.046883,16621.82,135.96605,77230.0,12.262281496828,110.42,108.28204,28999.754757,9.718471569032559,11.25454326156331,4.684739304612958,-0.781682055069964,-0.060251501189332035,-0.02007099999999995
52,932.0,Czech Republic,CZE,2012,1.013561,16333.54,136.15628,77230.0,12.259827787129,112.33,106.93589,29258.904853,9.70097594140583,11.25454326156331,4.672229496015991,-0.7662526866558078,-0.058860093940732765,-0.033322000000000074
53,933.0,Czech Republic,CZE,2013,0.9991896,16205.14,136.20139,77220.0,12.249457394457,110.26,102.03872,30828.526409,9.693083754847184,11.254413769818226,4.62535234909458,-0.6728000133512801,-0.058530143980241256,-0.014371399999999923
54,934.0,Czech Republic,CZE,2014,0.9957644,16720.37,136.23547,77220.0,12.24761978762,102.13,107.97657,32504.217576,9.724383015580448,11.254413769818226,4.681914259143925,-0.5730321307108267,-0.05828087121026678,-0.003425200000000017
55,935.0,Czech Republic,CZE,2015,0.9926932,17480.41,136.32126,77210.0,12.261226525062,54.91,104.87653,33909.309243,9.768836104312028,11.254284261302862,4.652783753477141,-0.48937529507606836,-0.057653373823643606,-0.0030711999999999406
56,936.0,Czech Republic,CZE,2016,0.9859545,18158.64,136.37027,77210.0,12.255779044165,42.8,98.47254,36101.285601,9.806901759483056,11.254284261302862,4.5897777275853056,-0.35886864543661695,-0.057294897929968266,-0.006738700000000097
57,937.0,Czech Republic,CZE,2017,0.962371,18659.93,136.4186,77210.0,12.184950135993,53.69,115.29597,38842.896268,9.834133723054535,11.254284261302862,4.747502474365815,-0.19563767742909122,-0.0569413957887456,-0.02358349999999998
58,938.0,Czech Republic,CZE,2018,0.9421199,18848.15,136.46112,77210.0,12.182359797954,71.51,116.113846,41157.370409,9.84417004482372,11.254284261302862,4.754571140852285,-0.05783771224394756,-0.056630389973624795,-0.020251099999999966
59,939.0,Czech Republic,CZE,2019,0.9160324,19018.74,136.49063,77205.5,12.170117413915,64.39,117.60352,44223.295751,9.853180087848232,11.254225976998484,4.767318966989363,0.12470241551280833,-0.05641454374586795,-0.02608750000000004
60,970.0,Denmark,DNK,2010,0.6231377,13556.7,138.77126,40000.0,6.5675,80.4,93.889694,43006.150516,9.514636169044989,10.596634733096073,4.542120625132117,0.05223559981712909,-0.03973323631080129,NaN
61,971.0,Denmark,DNK,2011,0.6111673,13260.54,139.4004,40000.0,6.59,112.77,90.32733,44407.94207,9.492547986892555,10.596634733096073,4.503440072438614,0.13569595217801872,-0.03513149128434042,-0.011970400000000048
62,972.0,Denmark,DNK,2012,0.6076128,12678.11,140.02388,40000.0,6.59,107.9,83.77038,44808.549212,9.44763216325386,10.596634733096073,4.4280794843855835,0.1595474393225968,-0.030571145432704967,-0.003554500000000016
63,973.0,Denmark,DNK,2013,0.6138982,12466.28,140.63483,40000.0,6.59,107.25,83.788956,46742.939663,9.430782678210726,10.596634733096073,4.428301208826841,0.2747178497757908,-0.026102448284349464,0.0062853999999999965
64,974.0,Denmark,DNK,2014,0.6241634,12574.42,141.26636,40000.0,6.5825,100.19,83.83874,47905.477079,9.439419870643793,10.596634733096073,4.428895191833847,0.343933406179463,-0.021483221980886123,0.010265200000000085
65,975.0,Denmark,DNK,2015,0.6254624,12754.2,141.94487,40000.0,6.4325,52.43,84.774925,49058.142344,9.453615908107135,10.596634733096073,4.439999803316531,0.412561191028464,-0.01652036789768659,0.001298999999999939
66,976.0,Denmark,DNK,2016,0.6276244,13051.36,142.6714,40000.0,6.4,44.69,85.293076,51967.020438,9.476647621880266,10.596634733096073,4.4460932788700385,0.585750985193905,-0.011206279119235496,0.0021619999999999973
67,977.0,Denmark,DNK,2017,0.6203375,13246.23,143.43214,40000.0,6.27,55.4,84.3533,55356.49009,9.491468262626624,10.596634733096073,4.435013930929728,0.7875544064409864,-0.005641966706370381,-0.007286899999999985
68,978.0,Denmark,DNK,2018,0.6186798,13497.64,144.16722,40000.0,6.35,72.04,85.59383,57479.350221,9.510270134329815,10.596634733096073,4.449613201110596,0.9139459901543985,-0.0002653403051704967,-0.0016576999999999842
69,979.0,Denmark,DNK,2019,0.6212031,13317.45,144.89697,40000.0,6.705,64.88,85.663536,59884.11738,9.496830484325686,10.596634733096073,4.450427250812253,1.057121852402486,0.005072300654011959,0.002523300000000006
70,1130.0,Estonia,EST,2010,0.877176,2285.18,31.147018,42390.0,2.8214201462609,NaN,16.479925,21588.7722,7.734200074842816,10.654667764346684,2.8021429735000964,-1.2229197082593257,-0.8269337327823955,NaN
71,1131.0,Estonia,EST,2011,0.8357473,2275.18,31.051111,42390.0,2.8214201462609,NaN,16.066843,24515.48857,7.72981444913428,10.654667764346684,2.7767577074319534,-1.0486678526224609,-0.827635229365434,-0.041428699999999985
72,1132.0,Estonia,EST,2012,0.8041181,2297.28,30.93993,42390.0,2.8214201462609,NaN,19.049244,25946.944889,7.739481093388118,10.654667764346684,2.947027415745868,-0.9634413091809227,-0.8284484452057667,-0.031629200000000024
73,1133.0,Estonia,EST,2013,0.7823638,2248.84,30.83006,43470.0,2.6823096388314,NaN,18.806301,27418.689637,7.718169806698449,10.679826323982837,2.934191973256948,-0.8758160592620827,-0.8292520719439446,-0.021754299999999893
74,1134.0,Estonia,EST,2014,0.7831952,2253.98,30.749264,43470.0,2.6823096388314,NaN,17.413538,28917.833656,7.7204528214458925,10.679826323982837,2.8572479496766303,-0.7865595020311347,-0.829843041507409,0.0008313999999999266
75,1135.0,Estonia,EST,2015,0.7870705,2316.08,30.752234,43470.0,2.6777087646653,NaN,17.381447,29222.748082,7.747631380410649,10.679826323982837,2.855403372988407,-0.7684054010442497,-0.8298213179121382,0.003875300000000026
76,1136.0,Estonia,EST,2016,0.7859018,2363.53,30.781942,43470.0,2.6708074534161,NaN,16.95469,31310.152103,7.767911543192718,10.679826323982837,2.830544491718327,-0.6441248155213335,-0.8296040234446969,-0.0011687000000000225
77,1137.0,Estonia,EST,2017,0.7599332,2448.23,30.819883,42750.0,2.7157894736842,NaN,17.695034,33867.803542,7.803120593467159,10.663124474364906,2.873284035242317,-0.4918464759164445,-0.8293265100008703,-0.02596860000000001
78,1138.0,Estonia,EST,2018,0.9739382,2466.16,30.927391,42750.0,2.7157894736842,NaN,17.47478,36488.637421,7.810417564020167,10.663124474364906,2.860758698627179,-0.3358063582566275,-0.8285401597381232,0.214005
79,1139.0,Estonia,EST,2019,0.9560733,2415.86,31.041847,42750.0,2.7298245614035,NaN,15.5887375,39068.367072,7.789810610355844,10.663124474364906,2.7465486983921825,-0.1822135183982875,-0.8277029894282579,-0.01786489999999996
80,1170.0,Finland,FIN,2010,0.7516333,12668.07,17.645847,303900.0,1.9476801579467,79.1,117.16832,38954.131777,9.446839933377397,12.624453978904885,4.7636115334361095,-0.189014899064011,-0.9256859127433739,NaN
81,1171.0,Finland,FIN,2011,0.7274724,12490.35,17.727753,303890.0,1.9559709105268,109.23,114.58838,40916.647325,9.432711625144938,12.624421072802445,4.741346402979143,-0.0721699668182539,-0.9250868242604648,-0.02416089999999993
82,1172.0,Finland,FIN,2012,0.7339843,12182.09,17.812283,303890.0,1.9559709105268,110.47,110.05728,40872.854802,9.407722119318572,12.624421072802445,4.701000957533745,-0.07477730126104087,-0.9244685429445626,0.006511900000000015
83,1173.0,Finland,FIN,2013,0.7232919,11959.58,17.894562,303890.0,1.9559709105268,107.57,114.501656,41492.918416,9.389287909831149,12.624421072802445,4.7405892857718035,-0.03785973847295269,-0.9238667262121466,-0.010692400000000046
84,1174.0,Finland,FIN,2014,0.7401621,10837.22,17.968796,303890.0,1.9559709105268,97.53,108.04683,41749.864733,9.290741784538197,12.624421072802445,4.6825647442532,-0.022561579418234164,-0.9233237533598494,0.016870200000000057
85,1175.0,Finland,FIN,2015,0.7509609,10845.43,18.028088,303910.0,1.9489322496792,49.28,108.589935,42490.211049,9.291499072083065,12.624486883924549,4.6875787236468085,0.021517416653707037,-0.922890071403355,0.010798799999999997
86,1176.0,Finland,FIN,2016,0.7482916,12056.82,18.07994,303910.0,1.9499193840282,42.19,114.29884,44934.488245,9.397385753919034,12.624486883924549,4.738816422017858,0.1670456412058776,-0.9225108081501648,-0.0026693000000000966
87,1177.0,Finland,FIN,2017,0.7657956,11457.94,18.122478,303920.0,1.9498552250592,53.04,110.74291,47570.270354,9.346438218438841,12.624519787861507,4.707211388817311,0.3239757517747057,-0.9221996706768908,0.017504000000000075
88,1178.0,Finland,FIN,2018,0.7575304,11653.47,18.146559,303920.0,1.9498552250592,68.49,110.148224,49573.255773,9.36335926872138,12.624519787861507,4.7018269496503695,0.44323019325457247,-0.9220235340109941,-0.008265199999999973
89,1179.0,Finland,FIN,2019,0.7496915,11244.4,18.166542,303930.0,1.9488040009213,63.58,109.32646,51811.599332,9.3276255059223,12.624552690715833,4.694338451886235,0.5764974694097178,-0.921877371517966,-0.007838900000000093
90,1190.0,France,FRA,2010,0.7913744,134851.99,114.04213,547557.0,5.4659149641042,79.78,980.4591,35910.195851,11.81193308559655,13.213221844842806,6.8880209313548475,-0.37024581333440193,-0.2206105465854753,NaN
91,1191.0,France,FRA,2011,0.7814038,135735.13,114.646095,547557.0,5.4918483372507,111.78,959.38947,37447.949543,11.81846069220144,13.213221844842806,6.866297113397975,-0.2786904999838838,-0.216192940114886,-0.009970600000000052
92,1192.0,France,FRA,2012,0.7570186,134135.69,115.186935,547557.0,5.370399793994,112.01,927.1686,37684.198067,11.806607178527718,13.213221844842806,6.832135426050888,-0.2646246533167981,-0.21223705147307145,-0.024385199999999996
93,1193.0,France,FRA,2013,0.7623506,133748.88,115.668655,547557.0,5.475046433522,109.56,915.1279,39528.473644,11.803719290891417,13.213221844842806,6.819063836927774,-0.1548195335272095,-0.2087135867209546,0.005332000000000003
94,1194.0,France,FRA,2014,0.7584992,133367.18,116.13128,547557.0,5.37341317890195,99.4,885.4536,40144.059485,11.80086135520755,13.213221844842806,6.786100056075833,-0.11816856994305118,-0.20532978932631027,-0.0038513999999999493
95,1195.0,France,FRA,2015,0.7798592,134939.17,116.53539,547557.0,5.2717799242819,53.14,885.4328,40829.893311,11.812579363280626,13.213221844842806,6.786076565015084,-0.07733515743200861,-0.20237399064454917,0.021359999999999935
96,1196.0,France,FRA,2016,0.7995449,135244.9,116.863304,547557.0,5.339471507076,43.48,879.3369,42855.944562,11.814842488049521,13.213221844842806,6.779168100704033,0.04329258556385303,-0.19997551555377935,0.019685700000000028
97,1197.0,France,FRA,2017,0.8056509,135382.68,117.145966,547557.0,5.341570284007,54.47,883.0668,44444.934559,11.815860713996072,13.213221844842806,6.783400848931681,0.1378984238349757,-0.19790802906004262,0.006105999999999945
98,1198.0,France,FRA,2018,0.8291613,132743.22,117.390175,547557.0,5.1576365565594,71.59,880.2211,46336.933985,11.796171864353564,13.213221844842806,6.780173125914256,0.25054494272002353,-0.1961218009531554,0.023510400000000042
99,1199.0,France,FRA,2019,0.8202252,132123.08,117.612885,547557.0,5.1422956879375,64.98,872.8093,50226.680167,11.791489191373481,13.213221844842806,6.771717089824146,0.4821340017479435,-0.1944928238815288,-0.008936100000000002
100,1290.0,Germany,DEU,2010,0.9019244,153867.65,232.76306,348570.0,10.86639699343,78.49,1357.6443,39675.00238,11.943848096302053,12.761594349845018,7.213506344501363,-0.14609545475625424,0.6477549192318762,NaN
101,1291.0,Germany,DEU,2011,0.8835884,156009.17,233.0444,348560.0,10.857815010328,110.63,1313.2709,42541.513126,11.957670066555359,12.761565660791323,7.180276174422834,0.024571857530489155,0.6498127361656978,-0.018335999999999908
102,1292.0,Germany,DEU,2012,0.8661911,154538.98,233.3941,348540.0,10.885694611809,112.21,1305.3893,43359.541048,11.948201641232844,12.761508280214633,7.1742565894462125,0.07327588803798545,0.6523705615078371,-0.01739730000000006
103,1293.0,Germany,DEU,2013,0.8533505,158913.81,233.78056,348880.0,10.851868837423,109.62,1334.2625,44993.667838,11.976117258754645,12.762483302516648,7.196133983729285,0.17056909636599774,0.6551972620560873,-0.01284059999999998
104,1294.0,Germany,DEU,2014,0.8456818,159809.74,234.2907,348900.0,10.826884494124,99.76,1298.318,47011.280402,11.98173926164585,12.762540627174866,7.168824859554163,0.29069441388463796,0.658928600403353,-0.007668699999999973
105,1295.0,Germany,DEU,2015,0.8413538,162767.54,234.90436,348860.0,11.026199621625,52.65,1296.5422,47609.557159,12.00007832692121,12.762425974572126,7.167456153619851,0.3263148232144484,0.6634171194181002,-0.0043279999999999985
106,1296.0,Germany,DEU,2016,0.8372371,165683.52,235.64336,349360.0,11.05535836959,42.8,1323.3187,50579.483717,12.017834741618765,12.763858188159443,7.187898027017479,0.5031393420306353,0.6688224180393209,-0.004116700000000084
107,1297.0,Germany,DEU,2017,0.8247863,168699.2,236.48178,349370.0,11.046741277156,54.02,1352.0428,53071.478374,12.035872526376995,12.763886811518969,7.209371912906577,0.651508585347302,0.6749549085264706,-0.012450799999999984
108,1298.0,Germany,DEU,2018,0.8107434,163180.57,237.26122,349380.0,10.99547770336,70.5,1286.6825,55195.722049,12.002612658051822,12.763915434059221,7.159822479414534,0.7779825429838682,0.6806559991317809,-0.01404289999999997
109,1299.0,Germany,DEU,2019,0.7991893,164868.36,237.9809,349390.0,10.988866309854,64.43,1294.7367,57411.520685,12.012902616274598,12.763944055780247,7.16606263299791,0.9099075316839635,0.6859199846686143,-0.011554100000000012
110,1365.0,Greece,GRC,2010,1.026899,22447.65,85.59956,128900.0,1.9798293250582,78.97,214.71916,27911.57449,10.01894121063124,11.766792188927278,5.3693309417041295,-0.8464705097134759,-0.42864922642981806,NaN
111,1366.0,Greece,GRC,2011,1.073087,20093.8,85.37417,128900.0,1.9813809154383,109.41,204.57788,25671.409119,9.90816658875286,11.766792188927278,5.320948734280868,-0.9798462535441622,-0.43029780593758105,0.046187999999999896
112,1367.0,Greece,GRC,2012,1.057213,16723.65,85.055336,128900.0,1.7129557796742,111.92,178.33144,24911.130276,9.724579164249809,11.766792188927278,5.183643841349108,-1.025111999330864,-0.43262986680442583,-0.015873999999999944
113,1368.0,Greece,GRC,2013,1.067053,16502.58,84.67417,128900.0,1.7571761055081,107.61,164.76158,25986.640698,9.711272011301517,11.766792188927278,5.104499459228139,-0.9610778863189879,-0.4354178452269646,0.009840000000000071
114,1369.0,Greece,GRC,2014,1.08123,16531.42,84.274414,128900.0,1.7362296353763,95.55,163.353,26625.159298,9.71301809154171,11.766792188927278,5.095913503351347,-0.9230615441653227,-0.43834179726434574,0.014176999999999884
115,1370.0,Greece,GRC,2015,1.100332,17082.3,83.837425,128900.0,1.7377812257564,49.32,170.19884,26760.280798,9.745798118698206,11.766792188927278,5.136967400604885,-0.9150166333728783,-0.4415380841915292,0.019102000000000174
116,1371.0,Greece,GRC,2016,1.109493,17418.41,83.39598,128900.0,1.7377812257564,40.08,169.91696,27511.803202,9.765282971843488,11.766792188927278,5.1353098471214045,-0.8702722314923238,-0.4447669638259604,0.009160999999999975
117,1372.0,Greece,GRC,2017,1.146319,17194.88,82.94981,128900.0,1.7377812257564,50.81,173.9932,28604.829152,9.752366944069117,11.766792188927278,5.159016217991097,-0.8051952728915329,-0.448030403725595,0.036826000000000025
118,1373.0,Greece,GRC,2018,1.139191,17424.89,82.49244,128900.0,1.7788983708301,68.14,171.97284,29617.518625,9.765654922839788,11.766792188927278,5.14733655736809,-0.744901415357887,-0.4513757642538597,-0.007128000000000023
119,1374.0,Greece,GRC,2019,1.136316,17837.12,82.03278,128900.0,1.7688130333592,62.24,177.19585,31155.301081,9.789036958124393,11.766792188927278,5.177255618032172,-0.6533443894463479,-0.45473787462494264,-0.002874999999999961
120,1505.0,Hungary,HUN,2010,1.036743,11772.7,109.43274,90530.0,8.7293714790677,NaN,79.04674,21741.545922,9.37353857071836,11.413436566469485,4.370039323083406,-1.213823813343123,-0.25432520072846293,NaN
121,1506.0,Hungary,HUN,2011,0.9971767,11145.99,109.06473,90530.0,8.7019772451121,NaN,77.140785,23029.447178,9.318835070946234,11.413436566469485,4.345632129031129,-1.137144301096759,-0.25701695166972865,-0.03956629999999994
122,1507.0,Hungary,HUN,2012,0.9438301,10817.32,108.723785,90530.0,8.7206450900254,NaN,72.01762,23267.448393,9.288903832256416,11.413436566469485,4.276910811298679,-1.1229741021042348,-0.2595107399490412,-0.05334660000000002
123,1508.0,Hungary,HUN,2013,0.9277504,10091.59,108.42249,90530.0,8.7206450900254,NaN,70.43605,24547.980456,9.219457682697076,11.413436566469485,4.254705205962553,-1.0467333394299025,-0.2617145145743196,-0.01607970000000003
124,1509.0,Hungary,HUN,2014,0.9298661,11255.49,108.129585,91260.0,8.6508875739645,NaN,78.38166,25691.527335,9.32861128859929,11.421467854481394,4.361589971419377,-0.9786484482132333,-0.26385692187154364,0.0021157000000000536
125,1510.0,Hungary,HUN,2015,0.9304399,12276.14,107.87037,91260.0,8.6522024983563,NaN,83.99389,26798.854228,9.41541282004084,11.421467854481394,4.4307440581025315,-0.9127200351016291,-0.2657529089921116,0.0005737999999999577
126,1511.0,Hungary,HUN,2016,0.9228016,12304.53,107.55102,91260.0,8.4907955292571,NaN,83.43875,27941.926751,9.417722766240333,11.421467854481394,4.424112829755758,-0.8446633862572237,-0.2680887440593468,-0.007638299999999987
127,1512.0,Hungary,HUN,2017,0.9024531,13100.31,107.2643,91260.0,8.4940828402367,NaN,90.39909,29496.163748,9.48039117303139,11.421467854481394,4.504234200975783,-0.7521266841692389,-0.27018591215227816,-0.02034849999999999
128,1513.0,Hungary,HUN,2018,0.8759531,13925.11,107.126465,91260.0,8.3143765066842,NaN,96.88958,31908.863431,9.541448964225685,11.421467854481394,4.573571979574843,-0.6084785325524061,-0.27119408446006704,-0.026499999999999968
129,1514.0,Hungary,HUN,2019,0.8476262,14764.13,107.07648,91260.0,8.3143765066842,NaN,97.93139,34645.565383,9.599955869312966,11.421467854481394,4.5842671314438785,-0.445539821323265,-0.2715596918370382,-0.028326900000000044
130,1625.0,Ireland,IRL,2010,0.7011403,11522.1,65.678345,68890.0,2.7856002322543,80.95,88.99752,43211.902863,9.352022209303442,11.140266308587242,4.488608504175359,0.06448575450717525,-0.574359802847326,NaN
131,1626.0,Ireland,IRL,2011,0.6861807,11213.47,65.967545,68890.0,2.7856002322543,113.92,83.32917,45132.175891,9.324871013216084,11.140266308587242,4.422798667946094,0.17881563692704938,-0.5722444951866263,-0.014959600000000073
132,1627.0,Ireland,IRL,2012,0.7293099,10825.79,66.25853,68890.0,2.7856002322543,115.64,78.681206,46304.784189,9.289686529422617,11.140266308587242,4.36540432131391,0.24863079700068705,-0.5701161314257389,0.04312919999999998
133,1628.0,Ireland,IRL,2013,0.7256185,11050.11,66.61098,68890.0,2.749310494992,110.46,79.802826,47836.18565,9.310195661647482,11.140266308587242,4.379558917362553,0.339807909015903,-0.5675381916435344,-0.0036913999999999003
134,1629.0,Ireland,IRL,2014,0.7242966,11332.12,67.094864,68890.0,2.1164174771375,99.87,78.99451,51296.92985,9.335396450375454,11.140266308587242,4.369378356381339,0.5458548990542708,-0.5639988986556714,-0.001321900000000098
135,1630.0,Ireland,IRL,2015,0.7264022,11810.52,67.72774,68890.0,2.1164174771375,53.54,81.82424,69305.538798,9.376745938704737,11.140266308587242,4.4045735322292305,1.6180577126899662,-0.5593698272480888,0.0021056000000000408
136,1631.0,Ireland,IRL,2016,0.7510473,12292.53,68.453926,68890.0,3.1557555523298,45.03,86.16183,71505.746281,9.416747039795624,11.140266308587242,4.4562272721768945,1.7490544299082005,-0.5540582546032313,0.024645099999999975
137,1632.0,Ireland,IRL,2017,0.7484981,12013.59,69.267815,68890.0,2.7406009580491,55.01,85.46276,78252.205616,9.393793787975767,11.140266308587242,4.448080725505286,2.15072746872829,-0.548105192235807,-0.002549199999999918
138,1633.0,Ireland,IRL,2018,0.7448611,12188.38,70.17718,68890.0,2.7406009580491,72.18,88.72634,85034.728547,9.408238317827642,11.140266308587242,4.485556801264385,2.5545476744513125,-0.541453785766678,-0.0036370000000000013
139,1634.0,Ireland,IRL,2019,0.742179,12196.55,71.07013,68890.0,2.7406009580491,65.03,88.71635,89759.238887,9.408908403844352,11.140266308587242,4.485444201528543,2.8358372118179123,-0.5349224442188852,-0.0026821000000000206
140,1645.0,Israel,ISR,2010,0.766398,16292.884,338.65244,21640.0,4.7781885397412,NaN,123.84819,29377.085514,9.698483727055686,9.982298732960418,4.819056541375609,-0.7592164054190165,1.4222660419868156,NaN
141,1646.0,Israel,ISR,2011,0.7589679,16179.829,344.72043,21640.0,4.9858456561922,NaN,129.7403,31244.430296,9.691520621953421,9.982298732960418,4.865534760099178,-0.6480377832905876,1.46664939514051,-0.007430099999999995
142,1647.0,Israel,ISR,2012,0.7582054,16482.135,350.83636,21640.0,5.2797781885397,NaN,154.56673,32414.616221,9.710032346043334,9.982298732960418,5.040625912476903,-0.5783668473018735,1.5113833978421087,-0.0007624999999999993
143,1648.0,Israel,ISR,2013,0.7689638,16735.373,357.05524,21640.0,5.3280961182994,NaN,117.32228,34744.038069,9.72527990201371,9.982298732960418,4.764924677947006,-0.43967692034627465,1.556870412036339,0.010758399999999946
144,1649.0,Israel,ISR,2014,0.7741324,16769.962,363.39413,21640.0,5.5175600739372,NaN,109.4414,34729.392705,9.727344588863584,9.982298732960418,4.6953892461900795,-0.44054888111419765,1.6032352203950246,0.005168600000000079
145,1650.0,Israel,ISR,2015,0.7754444,17615.889,370.04514,21640.0,5.9011090573013,NaN,116.403496,35795.506413,9.776556557852691,9.982298732960418,4.757062569210576,-0.37707423292377545,1.651882981129428,0.0013119999999999798
146,1651.0,Israel,ISR,2016,0.773262,18109.943,377.03397,21640.0,6.1927218114603,NaN,119.49044,38084.528912,9.804216403440147,9.982298732960418,4.783236368171394,-0.2407896164389592,1.703001672824888,-0.0021824000000000288
147,1652.0,Israel,ISR,2017,0.7716819,18580.467,383.9767,21640.0,6.9085027726433,NaN,124.57352,39352.294675,9.829866146605244,9.982298732960418,4.824896063703559,-0.16530893816755046,1.7537831733614326,-0.0015800999999999732
148,1653.0,Israel,ISR,2018,0.770422,18698.502,390.78036,21640.0,7.0286506469501,NaN,125.8582,40082.466095,9.836198692682073,9.982298732960418,4.8351558763915605,-0.12183573858722839,1.8035474683780137,-0.0012598999999999805
149,1654.0,Israel,ISR,2019,0.7637812,18712.014,397.7783,21640.0,7.3887060998152,NaN,127.13039,40663.6287,9.83692105644672,9.982298732960418,4.845213252683275,-0.08723427758265419,1.8547327937276543,-0.006640800000000002
150,1665.0,Italy,ITA,2010,0.8209842,115908.96,202.2963,295718.0,5.6485232552635,79.29,853.3912,34838.135774,11.66056033436389,12.59716157649383,6.749218059006335,-0.43407449850742036,0.42491062177442324,NaN
151,1666.0,Italy,ITA,2011,0.8462846,114909.36,202.98445,295718.0,5.6561994873494,110.23,828.8807,36203.328522,11.65189892265998,12.59716157649383,6.720076236456218,-0.3527931785683136,0.42994398611297935,0.0253004
152,1667.0,Italy,ITA,2012,0.9855168,107527.49,203.5397,295718.0,5.661339519407,112.18,772.2136,36091.373957,11.585501814789064,12.59716157649383,6.649261195692659,-0.3594587683392377,0.4340052744207368,0.13923219999999992
153,1668.0,Italy,ITA,2013,0.9890913,104427.92,203.95378,295718.0,5.6647211194449,109.98,706.4804,36267.925352,11.55625235162705,12.59716157649383,6.560295459347682,-0.3489471900703717,0.43703399709066226,0.003574500000000036
154,1669.0,Italy,ITA,2014,0.9894316,109268.97,203.98825,295718.0,5.654914479335,99.09,671.279,36475.976061,11.601567736328363,12.59716157649383,6.509184847869369,-0.3365601947053867,0.43728612245395515,0.0003402999999999601
155,1670.0,Italy,ITA,2015,0.9863303,106693.81,203.6843,295718.0,5.6553202713396,52.06,710.4441,37206.331822,11.577718422486118,12.59716157649383,6.565890267453923,-0.2930760197665885,0.43506292825108656,-0.0031012999999999735
156,1671.0,Italy,ITA,2016,0.9872585,105609.99,203.29784,295718.0,5.6771315915839,42.33,704.78986,40267.222623,11.567508248052512,12.59716157649383,6.557899687458316,-0.11083564026030235,0.4322362277028364,0.0009282000000000457
157,1672.0,Italy,ITA,2017,0.9752961,101538.28,202.9103,295718.0,5.6767596155797,53.17,713.6949,41951.466331,11.52819114922063,12.59716157649383,6.570455560091885,-0.01055855346363595,0.4294016276653968,-0.01196240000000004
158,1673.0,Italy,ITA,2018,0.964327,105134.01,202.48221,295718.0,5.6745953915555,70.88,730.3281,43427.663143,11.562991101093655,12.59716157649383,6.593493885223911,0.07733176498776333,0.42627043106626517,-0.010969099999999954
159,1674.0,Italy,ITA,2019,0.9584684,106339.65,201.97667,295717.0,5.6738706263083,64.7,709.052,45799.741922,11.574393495723216,12.597158194888076,6.563928866578928,0.2185614151152813,0.42257273869147244,-0.005858600000000047
160,1725.0,Japan,JPN,2010,0.5592116,224196.78,351.45523,364500.0,5.5254595336077,79.43,2438.675,35342.824721,12.32027942734043,12.80628183043085,7.79921013800466,-0.4040261527108769,1.5159100245778523,NaN
161,1726.0,Japan,JPN,2011,0.5607123,219248.21,351.18588,364500.0,5.5109465020576,109.3,2438.1338,36215.006272,12.29795974600498,12.80628183043085,7.798988189585348,-0.352097904633326,1.5139399066027162,0.0015007000000000215
162,1727.0,Japan,JPN,2012,0.5616316,220022.87,350.7646,364500.0,5.3320713305898,114.75,2602.7302,37628.675989,12.301486774477054,12.80628183043085,7.864316249987534,-0.26793034607865385,1.5108585206715281,0.0009192999999999563
163,1728.0,Japan,JPN,2013,0.5615698,217040.88,350.2851,364500.0,5.3320987654321,110.61,2488.5225,39436.682585,12.28784100187675,12.80628183043085,7.819444439849054,-0.16028462147545583,1.5073512937583007,-6.180000000000074e-05
164,1729.0,Japan,JPN,2014,0.5483032,212000.16,349.73038,364500.0,NaN,104.16,2363.3672,39559.763471,12.264342308370846,12.80628183043085,7.767842660797703,-0.1529565889408482,1.5032938820517197,-0.013266600000000017
165,1730.0,Japan,JPN,2015,0.5446123,210678.43,349.11093,364500.0,NaN,54.2,2268.3572,40908.781547,12.258088221509563,12.80628183043085,7.726811148037343,-0.07263828224047143,1.4987630129977072,-0.0036908999999999414
166,1731.0,Japan,JPN,2016,0.5471356,208827.64,348.40564,364500.0,NaN,41.79,2201.7234,40642.704531,12.249264501708687,12.80628183043085,7.696995696313623,-0.08848006802319115,1.4936042808399796,0.002523300000000006
167,1732.0,Japan,JPN,2017,0.5452173,206987.36,347.49646,364500.0,NaN,54.42,2169.7593,41531.221619,12.240413007581164,12.80628183043085,7.682371518723257,-0.035579229070674644,1.4869542275240917,-0.0019183000000000394
168,1733.0,Japan,JPN,2018,0.5399268,204723.11,346.38098,364500.0,NaN,72.85,2099.697,42264.585123,12.229413662199327,12.80628183043085,7.649548327587044,0.00808402191539624,1.4787952254862038,-0.005290499999999976
169,1734.0,Japan,JPN,2019,0.5373633,200693.27,345.10748,364500.0,NaN,66.78,2033.9596,42427.125075,12.209533001586424,12.80628183043085,7.61773971407103,0.017761382024988302,1.469480411150447,-0.002563500000000052
170,1825.0,Republic of Korea,KOR,2010,0.9785297,85444.87,500.13358,97200.0,3.7225308641975,78.72,1273.9985,31736.700156,11.355626651633306,11.48452599044853,7.149915658737381,-0.6187288494087917,2.6033943009788643,NaN
171,1826.0,Republic of Korea,KOR,2011,0.9406601,85115.57,503.78976,97190.0,3.7423603251363,108.63,1286.9058,32546.517725,11.351765259048195,11.484423104497516,7.15999601144416,-0.570513649749528,2.630136851334662,-0.03786959999999995
172,1827.0,Republic of Korea,KOR,2012,0.9205262,86480.88,508.547,97310.0,3.7510019525229,113.24,1332.9854,33557.030447,11.3676786280245,11.485657037816035,7.195176367380543,-0.5103493923728698,2.664932930918986,-0.020133900000000038
173,1828.0,Republic of Korea,KOR,2013,0.9087006,88405.29,513.3015,97426.0,3.7629585531583,108.59,1335.0175,34244.239492,11.389687088464255,11.48684839446011,7.1966996793626645,-0.46943410159541454,2.699708969206663,-0.011825599999999992
174,1829.0,Republic of Korea,KOR,2014,0.8972631,88716.98,518.01276,97430.0,3.7650620958637,101.24,1329.7903,35324.260296,11.393206581769503,11.486889450419387,7.192776539611776,-0.405131447893642,2.734168735353092,-0.01143749999999999
175,1830.0,Republic of Korea,KOR,2015,0.8909709,94191.93,522.4836,97445.0,4.0474113602545,53.32,1393.7766,37902.361018,11.453089788104865,11.487043395256125,7.239772320228102,-0.2516355917758038,2.7668699874338745,-0.00629219999999997
176,1831.0,Republic of Korea,KOR,2016,0.8823972,98774.94,525.71704,97489.0,4.1758557375704,41.0,1519.5149,39575.302078,11.500599207838253,11.487494830108405,7.32614641816596,-0.1520314459609829,2.7905204729193946,-0.008573700000000017
177,1832.0,Republic of Korea,KOR,2017,0.8655661,98329.84,527.7832,97510.0,4.1749564147267,53.47,1504.5675,40957.347064,11.496082820599076,11.487710215829164,7.3162607604674665,-0.06974677162333084,2.8056330734596124,-0.016831099999999988
178,1833.0,Republic of Korea,KOR,2018,0.8338947,98102.18,529.47644,97520.0,4.3068088597211,71.56,1499.6987,43044.340145,11.493764867528766,11.487812764155153,7.313019500247224,0.054509347211152616,2.8180180096401206,-0.031671400000000016
179,1834.0,Republic of Korea,KOR,2019,0.7883548,100988.8,530.777,97600.0,4.2101946721311,65.42,1486.9946,43410.152957,11.522764898585416,11.488632772401184,7.304512314980797,0.07628923745269967,2.8275307500661215,-0.045539899999999967
180,1945.0,Latvia,LVA,2010,0.8075027,3275.93,33.77048,62227.0,3.0485159175278,NaN,20.73869,17709.026968,8.094357077223304,11.038544268141527,3.0320010378364106,-1.453913327252983,-0.8077448349049604,NaN
181,1946.0,Latvia,LVA,2011,0.8270267,2913.2,33.375767,62227.0,2.9970912947756,NaN,19.040625,19256.795698,7.97700741234376,11.038544268141527,2.946574854454722,-1.3617617350919653,-0.8106319007164324,0.019523999999999986
182,1947.0,Latvia,LVA,2012,0.8720701,2810.04,33.000725,62227.0,2.9954842753146,NaN,19.013836,21297.472172,7.940953997101921,11.038544268141527,2.945166924676122,-1.2402632304900332,-0.8133750861095309,0.045043399999999956
183,1948.0,Latvia,LVA,2013,0.8763796,2846.1,32.644882,62227.0,2.9874491780095,NaN,19.216606,22637.197211,7.9537049150669406,11.038544268141527,2.9557748010601883,-1.1604982158538795,-0.8159778434536054,0.004309500000000077
184,1949.0,Latvia,LVA,2014,0.8639269,2969.43,32.316246,62227.0,2.9874491780095,NaN,19.32151,23810.217954,7.9961252941859815,11.038544268141527,2.961218983080142,-1.0906584994865964,-0.818381599499185,-0.012452699999999983
185,1950.0,Latvia,LVA,2015,0.8488546,3148.8,32.0095,62227.0,2.9884133896861,NaN,20.291126,24975.480143,8.054776706857934,11.038544268141527,3.0101836476158055,-1.021280714601782,-0.8206252446018439,-0.015072300000000038
186,1951.0,Latvia,LVA,2016,0.8918276,3167.8,31.712631,62227.0,2.9884133896861,NaN,20.932833,26724.459918,8.06079261962832,11.038544268141527,3.0413188832465177,-0.9171493493663128,-0.8227966459501297,0.04297300000000004
187,1952.0,Latvia,LVA,2017,0.8654625,3320.59,31.413483,62227.0,2.9884133896861,NaN,21.379055,28689.617229,8.107897756965206,11.038544268141527,3.0624117044329515,-0.8001471309176212,-0.8249847166834732,-0.02636510000000003
188,1953.0,Latvia,LVA,2018,0.9444072,3349.56,31.104483,62227.0,2.9884133896861,NaN,19.072533,30891.883835,8.116584272909245,11.038544268141527,2.9482492372206246,-0.6690278169191142,-0.8272448483126439,0.07894469999999998
189,1954.0,Latvia,LVA,2019,0.9019311,3329.83,30.797878,62227.0,2.9884133896861,NaN,21.895447,32825.168517,8.110676530620289,11.038544268141527,3.0862787156649705,-0.5539232421246574,-0.8294874620931031,-0.04247610000000002
190,2025.0,Lithuania,LTU,2010,1.048875,4382.36,50.12809,62675.0,2.8193059433586,NaN,31.254553,20096.631145,8.385342671048393,11.045717923026494,3.442165061569779,-1.3117593205876292,-0.6880996836472287,NaN
191,2026.0,Lithuania,LTU,2011,1.007272,4353.67,49.501755,62674.0,2.8193509270192,NaN,30.434248,22884.945082,8.378774446547277,11.045701967574116,3.41556855324569,-1.145747717071576,-0.692680911944823,-0.04160300000000006
192,2027.0,Lithuania,LTU,2012,0.9761809,4367.03,48.919514,62674.0,2.8193509270192,NaN,30.9647,24703.697943,8.381838423166567,11.045701967574116,3.4328478459852683,-1.0374621776108093,-0.6969396216532373,-0.031091099999999927
193,2028.0,Lithuania,LTU,2013,0.9660614,4357.83,48.358208,62675.0,2.8193059433586,NaN,30.099901,26721.601926,8.379729506024109,11.045717923026494,3.4045218827128765,-0.9173195094865417,-0.7010452056151897,-0.010119500000000059
194,2029.0,Lithuania,LTU,2014,0.9650599,4832.96,47.82702,62650.0,2.8204309656824,NaN,29.46794,28184.499091,8.483214395377976,11.045318960324215,3.383302892711531,-0.8302210300369738,-0.7049304962295453,-0.0010014999999999885
195,2030.0,Lithuania,LTU,2015,0.9736683,5085.41,47.329353,62650.0,2.9960095770152,NaN,32.235332,28834.457574,8.534130934534161,11.045318960324215,3.4730631180735907,-0.7915235761563739,-0.7085706027910162,0.008608400000000072
196,2031.0,Lithuania,LTU,2016,0.9649308,5470.33,46.848866,62642.0,3.0506688803039,NaN,35.089043,30925.151813,8.607094222663944,11.045191258635185,3.5578889164959433,-0.667047096491536,-0.712085048959642,-0.008737500000000065
197,2032.0,Lithuania,LTU,2017,0.9302968,5701.72,46.38218,62641.0,3.050717581137,NaN,36.324562,33761.906595,8.648523162689909,11.04517529477736,3.592494151572226,-0.49815140512317485,-0.7154985498965065,-0.03463399999999994
198,2033.0,Lithuania,LTU,2018,0.9058575,6069.64,45.929863,62630.0,3.0512533929427,NaN,38.73701,36376.535744,8.711054574222263,11.044999675519458,3.6567954737921733,-0.34248070683289705,-0.7188069510554438,-0.024439300000000053
199,2034.0,Lithuania,LTU,2019,0.8862122,6285.1,45.49797,62620.0,3.0517406579368,NaN,39.04023,39992.555913,8.745937031796737,11.044839994880396,3.6645926529209802,-0.12718884222745214,-0.7219659640966004,-0.019645299999999977
200,2045.0,Luxembourg,LUX,2010,0.5726336,6504.84,196.96362,2574.46,10.681851728129,NaN,34.16721,90252.977242,8.780301794179849,7.853395082368021,3.531266412222935,2.8652335774650015,0.3859055773205525,NaN
201,2046.0,Luxembourg,LUX,2011,0.5537471,6867.26,201.28763,2574.46,10.681851728129,NaN,34.88955,94278.922851,8.834520470143618,7.853395082368021,3.5521873574370892,3.1049317252774387,0.41753286458867694,-0.018886499999999917
202,2047.0,Luxembourg,LUX,2012,0.5393841,6553.15,206.0999,2574.46,10.681851728129,NaN,33.672718,96535.745828,8.78770112905678,7.853395082368021,3.516687954595646,3.239299235439062,0.45273145240456464,-0.014363000000000015
203,2048.0,Luxembourg,LUX,2013,0.5301904,6420.1,210.94441,2574.46,10.681851728129,NaN,33.112263,100561.366405,8.767188972886684,7.853395082368021,3.49990369715468,3.478978031383404,0.4881658546014378,-0.009193700000000082
204,2049.0,Luxembourg,LUX,2014,0.5268787,6106.05,215.99673,2574.46,10.681851728129,NaN,31.917315,104917.945675,8.71703536192818,7.853395082368021,3.46314865250226,3.7383615609280176,0.5251202501764921,-0.0033116999999999175
205,2050.0,Luxembourg,LUX,2015,0.5243892,5669.0,221.1784,2574.46,10.681851728129,NaN,31.355448,107898.304236,8.642768014324304,7.853395082368021,3.4453880318852574,3.9158071839616793,0.563020755868806,-0.0024895000000000334
206,2051.0,Luxembourg,LUX,2016,0.5228687,5489.57,226.59312,2574.46,10.681851728129,NaN,31.312542,112955.470175,8.61060520721021,7.853395082368021,3.4440187201615493,4.216902485907285,0.6026258689273923,-0.0015205000000000357
207,2052.0,Luxembourg,LUX,2017,0.5139725,5628.31,231.6175,2574.46,10.681851728129,NaN,32.775616,114862.528755,8.635564498451522,7.853395082368021,3.489684824286263,4.330445601932979,0.6393759017913818,-0.00889619999999991
208,2053.0,Luxembourg,LUX,2018,0.5062366,6010.44,236.13493,2574.46,11.186811991641,NaN,34.678898,116334.724739,8.701253236163911,7.853395082368021,3.546131375167558,4.418097717697493,0.6724179290585812,-0.007735900000000018
209,2054.0,Luxembourg,LUX,2019,0.5048317,6170.14,240.81981,2574.46,11.186811991641,NaN,35.056538,119364.151427,8.727476807079611,7.853395082368021,3.5569621296089227,4.598464775917024,0.7066847428672195,-0.0014049000000000422
210,2439.0,Netherlands,NLD,2010,0.9748222,34774.44,493.529,33730.0,8.9327008597688,78.55,568.0019,45042.666206,10.456637913139335,10.426142928055697,6.3421247637859794,0.17348637821629811,2.555086145136184,NaN
211,2440.0,Netherlands,NLD,2011,0.9541302,34671.02,496.03415,33720.0,8.935349940688,109.19,567.4296,46599.227659,10.453659458494355,10.425846412115792,6.341116688796929,0.2661614745728555,2.5734096686016112,-0.020691999999999933
212,2441.0,Netherlands,NLD,2012,0.9469508,33160.06,498.5238,33720.0,8.935349940688,111.54,555.90686,47271.968226,10.40910141865652,10.425846412115792,6.320600762232266,0.3062153360824854,2.591619819768488,-0.007179400000000058
213,2442.0,Netherlands,NLD,2013,0.945965,31648.68,500.96085,33690.0,8.9433066191748,108.55,529.2256,49242.786711,10.36245172054146,10.424956336400598,6.27141480597629,0.42355461147482054,2.6094452365544765,-0.0009858000000000366
214,2443.0,Netherlands,NLD,2014,0.953127,29081.35,503.53668,33690.0,8.9997031760166,99.22,518.6247,49233.230349,10.277852354228783,10.424956336400598,6.251180500200225,0.42298564147529916,2.6282857377012943,0.007162000000000002
215,2444.0,Netherlands,NLD,2015,0.9558376,29250.57,506.12146,33670.0,9.002079002079,51.66,514.1263,50288.352815,10.283654339649617,10.42436251215512,6.2424689551153465,0.48580588928245005,2.647191702207598,0.0027106000000000074
216,2445.0,Netherlands,NLD,2016,0.9577441,29355.37,508.5985,33670.0,9.0822690822691,41.62,517.6337,52289.404292,10.287230772745202,10.42436251215512,6.249267849258898,0.6049451870518952,2.6653096195238475,0.0019065000000000332
217,2446.0,Netherlands,NLD,2017,0.9473653,30160.65,511.05447,33670.0,9.0733590733591,52.63,520.2487,55089.58143,10.314293373613795,10.42436251215512,6.254306966471967,0.7716631059489782,2.6832734236574862,-0.010378800000000021
218,2447.0,Netherlands,NLD,2018,0.9314972,30309.43,513.39594,33670.0,9.1416691416691,69.99,506.29205,57825.399708,10.319214164200325,10.42436251215512,6.22711367669971,0.9345492046886222,2.700399735650219,-0.01586809999999994
219,2448.0,Netherlands,NLD,2019,0.9075937,29847.04,515.68933,33670.0,9.1416691416691,63.96,494.32846,60207.9957,10.303840951424762,10.42436251215512,6.203200195026083,1.076405032296187,2.7171743740871896,-0.023903500000000077
220,2479.0,New Zealand,NZL,2010,0.4243495,13349.43,16.50657,263310.0,NaN,80.62,84.057106,31138.14575,9.499228966287655,12.481087324254274,4.4314964011946465,-0.6543657895011865,-0.9340189741740752,NaN
221,2480.0,New Zealand,NZL,2011,0.4170027,13332.41,16.639223,263310.0,NaN,112.38,86.09669,32638.103325,9.49795319203007,12.481087324254274,4.455470967024557,-0.565060794490576,-0.9330487047857114,-0.007346799999999987
222,2481.0,New Zealand,NZL,2012,0.4172683,13007.11,16.749401,263310.0,NaN,117.7,85.00911,32916.91304,9.473251410012681,12.481087324254274,4.4427584272179175,-0.54846092485294,-0.9322428252302462,0.00026559999999997697
223,2482.0,New Zealand,NZL,2013,0.4309368,13081.55,16.902666,263310.0,NaN,113.43,86.02264,36084.865782,9.47895811951949,12.481087324254274,4.45461051742173,-0.3598462543225685,-0.9311217926278357,0.013668500000000028
224,2483.0,New Zealand,NZL,2014,0.4461032,13339.87,17.144043,263310.0,NaN,105.96,87.716354,37084.794142,9.498512574294695,12.481087324254274,4.47410835861839,-0.3003121723664387,-0.929356278737045,0.015166399999999969
225,2484.0,New Zealand,NZL,2015,0.4549675,13814.35,17.43417,263310.0,NaN,57.99,91.31664,37246.951138,9.53346318594298,12.481087324254274,4.514333027292181,-0.2906576128241694,-0.927234190681458,0.008864300000000047
226,2485.0,New Zealand,NZL,2016,0.4525683,13906.7,17.728487,263310.0,NaN,44.91,93.80438,39696.946073,9.540126017375654,12.481087324254274,4.5412115500179455,-0.1447889635417414,-0.9250814555335529,-0.0023992000000000457
227,2486.0,New Zealand,NZL,2017,0.4422119,14803.83,18.025343,263310.0,NaN,55.91,99.15254,41994.487818,9.602641210057243,12.481087324254274,4.596659472388558,-0.007997125229984822,-0.9229101492717112,-0.010356399999999988
228,2487.0,New Zealand,NZL,2018,0.449641,15126.26,18.375786,263310.0,NaN,75.68,99.47485,42320.906448,9.624187585214433,12.481087324254274,4.599904848395293,0.011437300522703761,-0.9203468893735833,0.007429100000000022
229,2488.0,New Zealand,NZL,2019,0.4825674,14655.0,18.833439,263310.0,NaN,69.27,101.945694,45518.307468,9.592536853144992,12.481087324254274,4.624440259738095,0.20180527285553498,-0.9169994588865774,0.03292639999999997
230,2559.0,Norway,NOR,2010,0.5905147,13931.38,13.422861,365244.0,1.0836591429291,81.06,121.60488,58229.713025,9.541899128629447,12.808320902373296,4.800777100305764,0.958621351367443,-0.9565742759412543,NaN
231,2560.0,Norway,NOR,2011,0.5938198,13994.47,13.598048,365244.0,1.0705172432675,111.18,119.485565,62461.20278,9.546417530564346,12.808320902373296,4.7831955690961845,1.2105572579264832,-0.955292898336984,0.0033051000000000608
232,2561.0,Norway,NOR,2012,0.5982879,14137.3,13.777833,365244.0,1.0653152413181,108.23,116.85442,65768.753269,9.556571973551542,12.808320902373296,4.760928886542471,1.4074833475977107,-0.9539778893889245,0.004468099999999975
233,2562.0,Norway,NOR,2013,0.5974141,14190.81,13.946957,365123.0,1.0673116804268,109.07,120.905174,67372.928181,9.560349850977378,12.807989562098868,4.795006552403962,1.502993270611571,-0.952740858639242,-0.0008738000000000357
234,2563.0,Norway,NOR,2014,0.5967789,14551.57,14.104138,365108.0,1.0698204366927,101.61,114.895226,66335.459647,9.585454170558513,12.807948479208653,4.744020634818325,1.4412241087387525,-0.9515911830741782,-0.0006351999999999469
235,2564.0,Norway,NOR,2015,0.5861115,14348.97,14.248067,365190.7,1.066839872976,51.29,114.84809,60721.583813,9.57143344160819,12.808174961880342,4.743610298609359,1.1069832197285705,-0.9505384371672044,-0.010667399999999994
236,2565.0,Norway,NOR,2016,0.5796334,13844.94,14.374984,365145.8,1.066697397776,46.12,111.02129,59263.430471,9.535675101901198,12.808052004859691,4.709721984722522,1.0201671796602274,-0.9496101228436462,-0.006478100000000042
237,2566.0,Norway,NOR,2017,0.5947398,13050.18,14.486998,365123.0,1.0667638028829,53.7,110.461266,64589.163172,9.476557205759164,12.807989562098868,4.704664925569775,1.3372525027505489,-0.9487908141565592,0.015106400000000075
238,2567.0,Norway,NOR,2018,0.5880286,13242.83,14.5828705,365108.0,1.0646164970365,72.69,113.587776,70252.735449,9.491211552874095,12.807948479208653,4.732575894863347,1.674452235842811,-0.9480895699183142,-0.006711200000000028
239,2568.0,Norway,NOR,2019,0.5755521,12767.26,14.681596,365094.0,1.065479027319,67.41,109.5812,69915.01766,9.454639360616511,12.807910133654952,4.696665826953758,1.6543450768375707,-0.9473674578627941,-0.012476500000000001
240,2759.0,Poland,POL,2010,1.015923,49373.53,126.08159,306280.0,6.6044142614601,77.89,323.04956,20632.568496,10.807169729608326,12.63225499522706,5.777805747984983,-1.2798504964616837,-0.13254982055267403,NaN
241,2760.0,Poland,POL,2011,0.9757812,49968.79,126.158325,306230.0,6.6054926035986,109.58,321.77057,22386.227115,10.819153889516357,12.632091732586087,5.773838776056628,-1.1754405605872578,-0.13198855453143,-0.040141799999999894
242,2761.0,Poland,POL,2012,0.9446124,48023.98,126.174736,306220.0,6.561948925609,109.97,309.68506,23300.922905,10.779455748473154,12.632059076859086,5.735555845583077,-1.1209810849836388,-0.13186851886746137,-0.031168799999999997
243,2762.0,Poland,POL,2013,0.9375651,45167.85,126.11424,306210.0,6.312008099017,107.71,287.97726,24028.186721,10.718140829552581,12.632026420065653,5.662881518685239,-1.0776809993400314,-0.13231100729153358,-0.007047299999999979
244,2763.0,Poland,POL,2014,0.9376455,45540.03,126.03104,306190.0,6.2836800679317,96.28,289.08633,25005.655694,10.726346998379041,12.631961103279217,5.666725363227762,-1.019484112166878,-0.13291956053278595,8.039999999998049e-05
245,2764.0,Poland,POL,2015,0.9460327,48040.11,125.93718,306190.0,6.2807407165485,49.75,302.29468,26495.814917,10.779791565949832,12.631961103279217,5.711402303218385,-0.9307624948404479,-0.13360608465807391,0.008387199999999928
246,2765.0,Poland,POL,2016,0.9523636,54743.92,125.86845,306190.0,6.2484078513341,40.64,332.21463,27830.927735,10.910421591283903,12.631961103279217,5.805781235944573,-0.8512720842199394,-0.13410879937287296,0.006330900000000028
247,2766.0,Poland,POL,2017,0.9329951,63216.76,125.87076,306190.0,6.2735556353898,52.63,360.56094,29609.446369,11.054324734851747,12.631961103279217,5.887660985434685,-0.7453820241389749,-0.13409190324321793,-0.01936850000000001
248,2767.0,Poland,POL,2018,0.9174737,65040.4,125.83368,306170.0,6.2697194369141,69.06,369.8405,31662.210541,11.082763894264282,12.631895782226218,5.913071831615029,-0.6231638379756631,-0.13436311903871845,-0.015521400000000019
249,2768.0,Poland,POL,2019,0.8984549,66041.58,125.74266,306110.0,6.3241971840188,63.49,376.97665,34592.873746,11.098039822641873,12.63169979346228,5.932183249190354,-0.4486769943058983,-0.13502887043317513,-0.019018800000000002
250,2779.0,Portugal,PRT,2010,1.06715,18974.66,115.58683,91590.0,3.1029588383011,79.13,150.46498,27260.554162,9.850859683789725,11.425077374397032,5.013730366082272,-0.8852311840904469,-0.2093120827421743,NaN
251,2780.0,Portugal,PRT,2011,1.029541,17624.16,115.32941,91590.0,3.0505513702369,112.33,141.33363,26769.42769,9.777025966970248,11.425077374397032,4.951123265618249,-0.9144720425404191,-0.21119494061913593,-0.037609000000000004
252,2781.0,Portugal,PRT,2012,1.004199,16232.37,114.8629,91590.0,2.7745976635004,112.21,128.69424,26438.140472,9.6947626757259,11.425077374397032,4.85743935835578,-0.9341963359762313,-0.21460715423183635,-0.025341999999999976
253,2782.0,Portugal,PRT,2013,1.002907,15865.52,114.23469,91605.2,2.7775159052106,109.74,132.86606,27936.006299,9.671903480032315,11.4252433176099,4.889341553119228,-0.8450158801844739,-0.2192020969203843,-0.0012920000000000709
254,2783.0,Portugal,PRT,2014,1.006873,16206.07,113.62164,91605.59,2.7792624031719,100.22,135.08873,28742.313125,9.693141142399224,11.425247575001071,4.905931821797418,-0.7970097043611669,-0.22368615418660795,0.003965999999999914
255,2784.0,Portugal,PRT,2015,1.055952,16370.65,113.15286,91605.59,2.7792624031719,53.44,133.88284,29660.845901,9.703245376357584,11.425247575001071,4.896965089144723,-0.7423217809525584,-0.2271149713552896,0.049079000000000095
256,2785.0,Portugal,PRT,2016,1.135107,16831.06,112.79606,91605.59,2.7792624031719,42.73,136.464,31607.610185,9.730981267970385,11.425247575001071,4.916060843576753,-0.6264146529329844,-0.22972472852450684,0.07915500000000009
257,2786.0,Portugal,PRT,2017,1.092415,17179.29,112.52071,91605.59,2.7792624031719,53.59,135.99236,33044.70015,9.751459867559694,11.425247575001071,4.912598707687507,-0.540852691519427,-0.23173873255069508,-0.042692000000000174
258,2787.0,Portugal,PRT,2018,1.094101,17243.8,112.32755,91605.59,2.7792624031719,71.36,135.25926,34928.61899,9.755207937562696,11.425247575001071,4.907193381186981,-0.42868727736989987,-0.23315157082089116,0.0016860000000000763
259,2788.0,Portugal,PRT,2019,1.063245,17740.77,112.328514,91605.59,2.7576359960526,65.89,139.80144,37299.182306,9.783620659656675,11.425247575001071,4.940223130175846,-0.2875478554047711,-0.23314451979535553,-0.030855999999999995
260,3131.0,Slovakia,SVK,2010,1.138443,7421.48,112.23852,48091.0,7.5324239462685,78.72,45.787834,25221.414441,8.912133777188185,10.780850328399447,3.824018422645622,-1.0066381929585762,-0.2338027666750824,NaN
261,3132.0,Slovakia,SVK,2011,1.095986,7052.64,112.368675,48088.0,7.5363437863916,108.9,45.02674,26260.184756,8.861157293795745,10.780787944718998,3.807256535512426,-0.9447915251964928,-0.23285076851263994,-0.04245700000000019
262,3133.0,Slovakia,SVK,2012,1.057376,6928.59,112.50588,48088.0,7.5515430044918,109.83,41.787235,27000.730262,8.84341160827904,10.780787944718998,3.7325909101167762,-0.9007006696811558,-0.2318472042402115,-0.03860999999999981
263,3134.0,Slovakia,SVK,2013,1.042772,6860.61,112.61947,48088.0,7.5513766428215,107.29,41.73799,28021.090416,8.833551638049467,10.780787944718998,3.731411745242788,-0.8399501124782326,-0.23101636815038137,-0.014604000000000061
264,3135.0,Slovakia,SVK,2014,1.043567,6607.82,112.71989,48080.0,7.5438893510815,95.63,38.726368,29029.587681,8.796009075120363,10.780621569209089,3.6565207116957685,-0.7799058520803747,-0.2302818619426101,0.0007949999999998791
265,3136.0,Slovakia,SVK,2015,1.046972,7293.4,112.82132,48082.0,7.542051079406,50.7,42.219574,30062.179649,8.894725108593855,10.780663165681714,3.742883952364533,-0.7184270328876141,-0.2295399682495785,0.0034050000000001024
266,3137.0,Slovakia,SVK,2016,1.052445,7539.58,112.96184,48080.0,7.5422150582363,42.32,44.01866,29737.53009,8.927921756532765,10.780621569209089,3.784613634926219,-0.737756131076736,-0.228512156933944,0.005473000000000061
267,3138.0,Slovakia,SVK,2017,1.038817,7682.94,113.13265,48080.0,7.5425145590682,53.71,49.12412,30147.015977,8.946757565387706,10.780621569209089,3.8943501565429717,-0.7133760181289078,-0.227262794203916,-0.013627999999999973
268,3139.0,Slovakia,SVK,2018,1.012356,7808.66,113.285065,48080.0,7.5428681364393,70.14,49.682873,31374.187996,8.962988653209104,10.780621569209089,3.905660266065848,-0.6403122242853014,-0.22614797879207113,-0.026461000000000068
269,3140.0,Slovakia,SVK,2019,1.012356,8123.05,113.434525,48080.0,7.5481572379368,62.88,47.017704,33459.324263,9.00246097839333,10.780621569209089,3.8505242116347014,-0.5161666570875905,-0.2250547772603694,0.0
270,3171.0,Slovenia,SVN,2010,0.8747259,5299.22,102.167915,20146.2,6.0956905024273,NaN,31.065935,27822.232624,8.575314918898354,9.910770963982387,3.436111881243949,-0.8517897767583246,-0.30746261420059917,NaN
271,3172.0,Slovenia,SVN,2011,0.7791507,5649.48,102.573296,20146.0,6.0018862305172,NaN,30.94752,28931.423641,8.63931878450674,9.910761036502626,3.4322928666793753,-0.7857503767846293,-0.3044975189903569,-0.09557519999999997
272,3173.0,Slovenia,SVN,2012,0.8969748,5668.06,102.76737,20145.7,6.0019756076979,NaN,30.303864,29048.325999,8.642602186499074,9.910746145098193,3.4112752291372086,-0.7787902035957852,-0.30307799541171715,0.11782409999999999
273,3174.0,Slovenia,SVN,2013,0.9471984,5367.27,102.91681,20140.0,6.0034260178749,NaN,28.657984,29979.618841,8.588074678345773,9.910463166272553,3.3554320779859292,-0.7233425669463106,-0.30198494016685223,0.050223600000000035
274,3175.0,Slovenia,SVN,2014,0.9410267,5383.26,103.04339,20140.0,6.003227408143,NaN,28.34186,30872.72888,8.591049417598887,9.910463166272553,3.3443398637249646,-0.6701682712821008,-0.3010590907764948,-0.006171700000000002
275,3176.0,Slovenia,SVN,2015,0.9511189,5353.65,103.33848,20142.6,6.0024227259639,NaN,27.919039,31631.838376,8.585533850258754,9.91059225426606,3.329308857531024,-0.6249721464831797,-0.298900701642346,0.010092199999999996
276,3177.0,Slovenia,SVN,2016,0.9478206,5726.82,103.79313,20142.0,6.0026015291431,NaN,29.965105,33942.76789,8.652915681831823,9.91056246620809,3.4000335379921123,-0.4873832225313521,-0.2955752361238914,-0.0032982999999999763
277,3178.0,Slovenia,SVN,2017,0.9547373,5856.28,104.20909,20138.1,6.0037938037849,NaN,30.68579,36517.579273,8.675269868705735,9.910368822199649,3.423799680987898,-0.3340832082212286,-0.2925327624913029,0.006916699999999998
278,3179.0,Slovenia,SVN,2018,0.9092348,5835.01,104.58329,20136.4,6.0040523628851,NaN,31.536562,39008.297051,8.671631258515246,9.910284401536401,3.4511475711546686,-0.18578998816990236,-0.28979573577403533,-0.0455025
279,3180.0,Slovenia,SVN,2019,0.8765029,5625.0,104.92963,20136.4,6.0040523628851,NaN,30.065908,42118.699287,8.63497622707262,9.910284401536401,3.403391905266151,-0.0006017796520902296,-0.28726248662048526,-0.032731900000000036
280,3251.0,Spain,ESP,2010,0.7036026,91915.84,93.228226,500010.0,3.1179616407672,77.84,817.32007,31690.887692,11.428628654753524,13.122383377204331,6.7060307806869925,-0.6214564478003286,-0.37285055550755525,NaN
281,3252.0,Spain,ESP,2011,0.6880234,86718.38,93.54141,499880.0,3.1368654477074,108.5,779.99713,31872.363088,11.370421135687177,13.12212334859972,6.659290240189689,-0.610651702649901,-0.3705598206721178,-0.015579200000000015
282,3253.0,Spain,ESP,2012,0.6931993,79535.97,93.59516,500210.0,3.086303752424,109.48,729.0678,31724.785352,11.283964651146695,13.122783289229018,6.59176673179927,-0.6194382371471564,-0.3701666747981115,0.005175900000000011
283,3254.0,Spain,ESP,2013,0.6944096,80337.11,93.28964,500210.0,3.1150916615022,106.77,685.2794,32463.123679,11.293986935147764,13.122783289229018,6.5298266383121595,-0.575478793421638,-0.3724013525176721,0.0012102999999999975
284,3255.0,Spain,ESP,2014,0.696207,80611.88,93.01157,500210.0,3.099898042822,97.07,683.49054,33558.976673,11.297401312174154,13.122783289229018,6.527212815541523,-0.51023351729339,-0.37443525155367047,0.00179740000000006
285,3256.0,Spain,ESP,2015,0.6951948,83746.19,92.94511,499661.0,3.144331856999,49.51,706.52295,34945.481614,11.335545956115183,13.121685147458388,6.560355685673419,-0.42768330460608,-0.37492136271248827,-0.0010122000000000186
286,3257.0,Spain,ESP,2016,0.6966066,86596.43,93.02914,499564.0,3.1327317420791,40.08,730.2117,37333.06491,11.369013869682318,13.121490996991167,6.593334492100564,-0.28553054116095566,-0.374306738567507,0.001411799999999963
287,3258.0,Spain,ESP,2017,0.6817625,89249.97,93.25103,499547.3,3.1146196651829,51.69,733.9861,39601.479631,11.399196363507375,13.12145756728218,6.598490091105502,-0.15047287771944104,-0.37268375925619085,-0.014844099999999916
288,3259.0,Spain,ESP,2018,0.6708948,90295.92,93.667145,499603.5,3.1260791120312,69.02,748.05707,40776.768298,11.410847555660053,13.121570062813504,6.617479271855469,-0.08049813290543383,-0.36964015190061683,-0.010867700000000036
289,3260.0,Spain,ESP,2019,0.6832061,91425.58,94.346405,499570.0,3.1463055962788,62.84,748.72864,43135.741954,11.423280586995272,13.121503007392173,6.618376621476831,0.05995125985771888,-0.36467181206103594,0.012311300000000025
290,3340.0,Sweden,SWE,2010,0.6436636,21129.13,23.034868,407339.7,2.7397280451672,79.0,181.97824,42221.760198,9.95840793607574,12.917402760037985,5.203887119489316,0.0055342966583640935,-0.8862687709557843,NaN
291,3341.0,Sweden,SWE,2011,0.6095231,20749.24,23.245193,407339.7,2.7510208310165,110.67,168.72263,44608.584887,9.940264898482054,12.917402760037985,5.128256124005405,0.1476418938964702,-0.8847303820078706,-0.03414050000000002
292,3342.0,Sweden,SWE,2012,0.6206608,19573.33,23.462732,407339.7,2.733836156898,112.36,166.22845,45432.431014,9.881923204320545,12.917402760037985,5.1133630470738884,0.1966923307138223,-0.883139227397909,0.011137700000000028
293,3343.0,Sweden,SWE,2013,0.6195832,19110.55,23.690954,407339.7,2.6898924902238,109.1,164.07562,46312.397402,9.857995817563227,12.917402760037985,5.10032741911236,0.24908407512022324,-0.8814699336740494,-0.0010776000000000119
294,3344.0,Sweden,SWE,2014,0.6208115,18688.85,23.932978,407339.7,2.671234844038,97.75,160.58344,47184.673173,9.835682368326477,12.917402760037985,5.078813682871086,0.3010179329008551,-0.879699687404087,0.00122829999999996
295,3345.0,Sweden,SWE,2015,0.6453338,18793.05,24.183018,407310.6,2.6780542732692,51.19,157.47282,49103.131953,9.841242399618165,12.917331318340825,5.059252871944954,0.415239797993247,-0.8778708093699191,0.024522299999999997
296,3346.0,Sweden,SWE,2016,0.6893841,18088.71,24.438314,407310.6,2.6716709389178,42.41,162.5844,50430.25079,9.803043265730567,12.917331318340825,5.091197251551672,0.49425426019680124,-0.87600348715503,0.0440503000000001
297,3347.0,Sweden,SWE,2017,0.6977271,17672.21,24.695797,407310.6,2.6697068360404,54.17,160.91228,51947.95578,9.779748628234419,12.917331318340825,5.080859371782146,0.5846159069650629,-0.8741201684745323,0.00834299999999999
298,3348.0,Sweden,SWE,2018,0.7027359,17103.89,24.951416,407310.6,2.6775632475498,71.49,153.67223,53521.635778,9.747061201999992,12.917331318340825,5.034821957577749,0.6783102131988163,-0.8722504837272281,0.005008799999999924
299,3349.0,Sweden,SWE,2019,0.7026491,16951.1,25.210749,407283.6,2.6760223754657,64.8,164.63118,56404.297122,9.738088007458055,12.917265027665026,5.103707699222168,0.8499391053981172,-0.8703536335143229,-8.679999999994248e-05
300,3360.0,Switzerland,CHE,2010,0.5896077,16321.71,197.95624,39513.23,12.966899483753,80.92,137.77156,54349.191874,9.700251402440884,10.584390831519297,4.92559695121226,0.7275815354389001,0.3931659393197352,NaN
301,3361.0,Switzerland,CHE,2011,0.5826976,16142.33,200.19695,39512.63,NaN,112.51,133.62917,57493.56602,9.689200293238725,10.58437564661653,4.895068575593556,0.9147923753321703,0.40955525822847,-0.006910099999999919
302,3362.0,Switzerland,CHE,2012,0.5867608,16260.05,202.34164,39512.03,NaN,111.3,136.13542,59440.934085,9.696466458127825,10.58436046148318,4.913650125614623,1.0307354514746054,0.42524225403353855,0.0040631999999999335
303,3363.0,Switzerland,CHE,2013,0.588039,16171.88,204.6858,39511.43,NaN,110.35,142.49486,61656.490978,9.69102921050063,10.58434527611924,4.959305928882722,1.1626460471960136,0.44238824160582585,0.001278200000000007
304,3364.0,Switzerland,CHE,2014,0.6001193,16065.3,207.2018,39510.83,NaN,101.91,127.74399,63417.043081,9.68441694551192,10.5843300905247,4.850028182967378,1.2674664097148234,0.46079112568023844,0.012080300000000044
305,3365.0,Switzerland,CHE,2015,0.6070633,15329.33,209.57913,39510.23,13.197175930882,54.38,129.33614,65265.050827,9.637523265757467,10.584314904699553,4.862414751750627,1.3774937366784539,0.47817972997142416,0.00694399999999995
306,3366.0,Switzerland,CHE,2016,0.612965,15167.3,211.88623,39509.63,NaN,44.73,122.224594,67350.735189,9.626897073640839,10.584299718643795,4.805860286716505,1.501671936546619,0.4950546480350481,0.00590170000000001
307,3367.0,Switzerland,CHE,2017,0.6097101,14904.91,213.88,39509.63,NaN,56.31,125.23693,68193.502958,9.609445967851741,10.584299718643795,4.830207383222594,1.5518489366565376,0.5096377633693253,-0.0032548999999999495
308,3368.0,Switzerland,CHE,2018,0.6040545,14910.39,215.46779,39509.63,NaN,72.32,120.70854,70688.84449,9.609813564358348,10.584299718643795,4.793378879535921,1.7004174473792688,0.521251402202597,-0.005655599999999983
309,3369.0,Switzerland,CHE,2019,0.60187,14868.58,217.01556,39509.63,NaN,64.57,123.37561,72668.72555,9.607005540610539,10.584299718643795,4.815233442017005,1.818296293509235,0.5325723210753528,-0.0021845000000000336
310,3540.0,Turkey,TUR,2010,1.853114,45391.99,95.1046,769630.0,1.2465730285982,78.26,381.20822,17345.833613,10.723090936745471,13.553665158862865,5.943345735031294,-1.4755372593539704,-0.35912611464815863,NaN
311,3541.0,Turkey,TUR,2011,2.232889,47385.84,96.37599,769630.0,1.2528097917181,109.81,373.02145,19590.858369,10.76607872887601,13.553665158862865,5.921635924692781,-1.3418721957715707,-0.34982673357368826,0.3797750000000002
312,3542.0,Turkey,TUR,2012,2.119941,62524.97,97.809906,769630.0,1.2528097917181,111.7,391.92316,20627.440729,11.043321275937627,13.553665158862865,5.971065800167788,-1.2801557952341176,-0.3393385817770089,-0.11294800000000027
313,3543.0,Turkey,TUR,2013,2.195051,68864.93,99.497314,769630.0,1.262684666658,108.37,419.09512,22373.136543,11.139902328869393,13.553665158862865,6.038097910864188,-1.1762199516091314,-0.3269963028381231,0.07511000000000001
314,3544.0,Turkey,TUR,2014,2.01731,73559.26,101.49301,769630.0,1.3106297831425,99.71,431.09515,24104.984583,11.20584661885254,13.553665158862865,6.066328831399848,-1.0731085815616581,-0.3123991000814582,-0.1777409999999997
315,3545.0,Turkey,TUR,2015,1.872837,75797.66,103.48632,769630.0,1.3163468160025,51.42,516.4031,25855.912681,11.235822700441553,13.553665158862865,6.246887662052842,-0.9688612163947948,-0.29781934934442816,-0.14447300000000007
316,3546.0,Turkey,TUR,2016,1.777647,81841.2,105.270584,769630.0,1.3163468160025,41.28,549.4394,26695.909373,11.312536063274608,13.553665158862865,6.308898485687547,-0.9188492016296512,-0.28476863251209605,-0.09519000000000011
317,3547.0,Turkey,TUR,2017,1.707156,84770.02,106.661415,769630.0,1.3262216909424,52.01,576.1511,28193.061398,11.347697221534947,13.553665158862865,6.356369952683229,-0.8297112444292613,-0.27459561913367814,-0.07049100000000008
318,3548.0,Turkey,TUR,2018,1.46748,84616.68,107.59625,769630.0,1.3402544079623,71.16,555.9552,28281.473275,11.345886689280789,13.553665158862865,6.320687715464631,-0.8244473473924644,-0.26775791637783414,-0.239676
319,3549.0,Turkey,TUR,2019,1.274111,82427.62,108.4699,769630.0,1.3484401595572,65.09,558.26465,28011.322789,11.319675853907304,13.553665158862865,6.3248331330987275,-0.8405316608466925,-0.26136774162759147,-0.1933689999999999
320,3680.0,United Kingdom of Great Britain and Northern Ireland,GBR,2010,0.9167696,122438.22,259.4141,241930.0,6.6986318356549,80.6,885.20044,36495.793496,11.715361855220907,12.396403707097834,6.785814105239582,-0.33538029737809205,0.8426897362360631,NaN
321,3681.0,United Kingdom of Great Britain and Northern Ireland,GBR,2011,0.8980739,120382.27,261.58954,241930.0,6.7001157359567,113.49,867.31134,37208.971903,11.698427541876955,12.396403707097834,6.7653980126654645,-0.2929188337071545,0.8586016480527722,-0.018695699999999982
322,3682.0,United Kingdom of Great Britain and Northern Ireland,GBR,2012,0.8718607,119413.97,263.74872,241930.0,6.6940850659282,112.62,844.02484,38340.215681,11.690351474771518,12.396403707097834,6.738181925442486,-0.2255664487904848,0.8743946286711307,-0.026213199999999937
323,3683.0,United Kingdom of Great Britain and Northern Ireland,GBR,2013,0.8523282,118372.5,265.78885,241930.0,6.6940850659282,110.27,823.42676,39968.102283,11.681591710941182,12.396403707097834,6.713474608200472,-0.12864477094272997,0.8893168368932023,-0.019532500000000064
324,3684.0,United Kingdom of Great Britain and Northern Ireland,GBR,2014,0.8403477,119993.53,267.73654,241930.0,6.8334228909189,100.07,823.3798,41281.542063,11.69519310364396,12.396403707097834,6.7134175766083555,-0.05044473718535028,0.903562907355401,-0.01198049999999995
325,3685.0,United Kingdom of Great Britain and Northern Ireland,GBR,2015,0.8369863,122628.13,269.60016,241930.0,6.7147935353201,53.81,846.21655,42500.909156,11.716911721516423,12.396403707097834,6.740775296118819,0.022154364263547482,0.9171940610989453,-0.00336140000000007
326,3686.0,United Kingdom of Great Britain and Northern Ireland,GBR,2016,0.8286993,125350.7,271.38098,241930.0,6.7197123134791,44.62,870.937,44057.689096,11.738870687934629,12.396403707097834,6.769569643582095,0.11484246897498808,0.9302195873379737,-0.008286999999999933
327,3687.0,United Kingdom of Great Britain and Northern Ireland,GBR,2017,0.8079019,125546.17,273.07407,241930.0,6.7350059934692,54.69,882.48535,46061.354379,11.740428858345828,12.396403707097834,6.7827421881030885,0.2341373884337921,0.9426034263672054,-0.020797400000000077
328,3688.0,United Kingdom of Great Britain and Northern Ireland,GBR,2018,0.7896098,123774.76,274.59595,241930.0,6.7354193361716,72.65,870.8611,47107.7092,11.726218741225523,12.396403707097834,6.7694824922641,0.29643562514807603,0.9537349769296726,-0.018292099999999922
329,3689.0,United Kingdom of Great Britain and Northern Ireland,GBR,2019,0.7764252,121898.74,276.02472,241930.0,6.7354193361716,65.58,853.57465,49220.202708,11.71094597907468,12.396403707097834,6.749433001795854,0.4222099972611586,0.9641854891232331,-0.01318459999999999
330,3720.0,United States of America,USA,2010,0.1186205,1707338.19,34.018646,9147420.0,2.1255282910373,76.02,9891.228,48570.289731,14.350446101661408,16.02898243027836,9.199403582732884,0.3835152527325902,-0.8059296639474045,NaN
331,3721.0,United States of America,USA,2011,0.1149904,1683056.59,34.31313,9147420.0,2.1223033379904,102.43,9694.557,49951.907651,14.336122097087747,16.02898243027836,9.179319872976242,0.46577450026642153,-0.8037757073044118,-0.0036300999999999972
332,3722.0,United States of America,USA,2012,0.1126591,1669479.44,34.616463,9147420.0,1.6782502607293,101.16,9472.587,51644.991659,14.328022423225624,16.02898243027836,9.156157327331972,0.5665779239145765,-0.8015570260504595,-0.0023313000000000084
333,3723.0,United States of America,USA,2013,0.1110327,1679496.6,34.914234,9147420.0,1.6870494631273,97.26,9627.553,53116.521969,14.334004663620409,16.02898243027836,9.17238437073753,0.6541904065493019,-0.7993790271658325,-0.0016264
334,3724.0,United States of America,USA,2014,0.1092602,1712099.04,35.204895,9147420.0,1.6718659469009,89.43,9693.266,54914.368228,14.35323068447784,16.02898243027836,9.179186696600336,0.7612312014796782,-0.7972530332517018,-0.0017724999999999963
335,3725.0,United States of America,USA,2015,0.1084496,1721926.75,35.486267,9147420.0,1.658773730735,45.81,9890.718,56520.609227,14.358954425318252,16.02898243027836,9.199352020566037,0.8568641358988621,-0.7951949822589413,-0.0008106000000000085
336,3726.0,United States of America,USA,2016,0.107639,1761641.57,35.770763,9147420.0,1.6536903301696,37.94,9961.576,57592.691515,14.381756642537704,16.02898243027836,9.20649057099286,0.9206941434781123,-0.7931140812622662,-0.0008105999999999947
337,3727.0,United States of America,USA,2017,0.1070552,1783274.96,36.052925,9147420.0,1.6503669887247,48.12,10057.775,59589.233923,14.393962096958072,16.02898243027836,9.216101246229156,1.0395649787315109,-0.7910502519394506,-0.0005837999999999954
338,3728.0,United States of America,USA,2018,0.1061102,1815592.69,36.309696,9147420.0,1.6448604918108,59.19,10299.73,62449.612827,14.411922523339113,16.02898243027836,9.239872960281913,1.2098672112797717,-0.7891721410703444,-0.0009450000000000014
339,3729.0,United States of America,USA,2019,0.1055685,1820657.45,36.547974,9147420.0,1.6342164992971,56.33,10283.932,64690.272395,14.414708230086603,16.02898243027836,9.238337956150772,1.3432723787830705,-0.7874292943249219,-0.0005417000000000061
