level_0,index,Country,CountryCode,year,PetrolTax,GHGEmissions,Population_density,Land_area,Density_raillines,Oil_price,Oil_consumption,GDP,GHGEmissions_log,Land_area_log,Oil_consumption_log,GDP_st,Population_density_st,Oil_consumption_log_st,PetrolTax_st,Land_area_log_st
170,170.0,Australia,AUS,2010,0.2895981,88652.75,2.862599,7682300.0,0.11214594587558,82.6,519.30676,42823.915178,11.3924823318898,15.854429539455587,6.252494768289136,0.04138560897599027,-1.033815642150088,0.6039178625041419,-1.6141488771247967,2.223592011205172
171,171.0,Australia,AUS,2011,0.2803362,91270.55,2.906523,7682300.0,0.11493060671934,115.66,547.0603,44460.605016,11.421583451569242,15.854429539455587,6.30455903400622,0.13883141694593018,-1.0334943669990209,0.6398936284262264,-1.6448093228307308,2.223592011205172
172,172.0,Australia,AUS,2012,0.2754801,91810.4,2.954916,7682300.0,NaN,117.78,561.41907,43911.683304,11.42748085995213,15.854429539455587,6.330467632000665,0.10614952542551431,-1.033140404054262,0.6577961503187356,-1.6608848786446118,2.223592011205172
173,173.0,Australia,AUS,2013,0.2688926,93157.12,3.004645,7682300.0,NaN,114.19,578.03705,47796.022174,11.442042808964809,15.854429539455587,6.359637966964059,0.33741664203370925,-1.0327766691488023,0.6779524922561101,-1.6826920333415787,2.223592011205172
174,174.0,Australia,AUS,2014,0.2632259,93120.28,3.0511594,7682300.0,NaN,107.05,575.4282,47648.633963,11.441647269833597,15.854429539455587,6.355114459301302,0.3286413915417228,-1.032436446926628,0.6748268042130595,-1.7014509864377918,2.223592011205172
175,175.0,Australia,AUS,2015,0.2649112,95256.06,3.0967472,7682300.0,NaN,57.9,570.5786,47266.591718,11.464323913012395,15.854429539455587,6.34665093369474,0.30589522768201016,-1.0321030021736042,0.6689786123312839,-1.6958719962577844,2.223592011205172
176,176.0,Australia,AUS,2016,0.2649201,96247.37,3.1455595,7692020.0,NaN,46.87,571.723,50152.476571,11.47467692710138,15.855693985791431,6.348654608351012,0.4777160422796237,-1.0317459723253113,0.6703631268236185,-1.6958425338400536,2.224323365197928
177,177.0,Australia,AUS,2017,0.2641272,97873.73,3.1968634,7692020.0,NaN,56.99,599.5797,50758.582318,11.491433457474564,15.855693985791431,6.3962289097513825,0.5138025767349316,-1.0313707180628846,0.7032363827413487,-1.698467337325325,2.224323365197928
178,178.0,Australia,AUS,2018,0.2646532,100147.87,3.2474213,7692020.0,0.11950046931755,76.03,610.1112,53118.792237,11.514403072769943,15.855693985791431,6.413641235635595,0.6543255745539122,-1.031000920299472,0.715268085321645,-1.6967260753335824,2.224323365197928
179,179.0,Australia,AUS,2019,0.264582,100204.51,3.2965553,7692020.0,0.1183174250717,70.21,604.19446,52921.968891,11.514968476600023,15.855693985791431,6.403896099761247,0.642607037826297,-1.0306415374274085,0.7085343165405863,-1.6969617746754304,2.224323365197928
190,190.0,Austria,AUT,2010,0.6722034,22566.96,101.343056,82520.0,6.4844886088221,80.0,151.91782,42019.005887,10.024242168670671,11.320795967185187,5.023339716743359,-0.006537359923146316,-0.3134959148980299,-0.24541312886424785,-0.34757840805770174,-0.39865530825759243
191,191.0,Austria,AUT,2011,0.7049698,21916.32,101.686874,82520.0,5.9585555016966,110.92,144.39825,44469.209642,9.994986843756308,11.320795967185187,4.972575107271715,0.13934372215696136,-0.31098111251460525,-0.2804908483389049,-0.2391090412777851,-0.39865530825759243
192,192.0,Austria,AUT,2012,0.6882775,21732.3,102.1527,82520.0,6.0409597673291,112.5,141.86986,46477.655075,9.986554912104017,11.320795967185187,4.954910158504489,0.25892324384653215,-0.3075739019117248,-0.29269711021780465,-0.29436696436669335,-0.39865530825759243
193,193.0,Austria,AUT,2013,0.6515199,22911.18,102.757416,82520.0,5.9985458070771,110.63,146.01463,47936.677963,10.039380280013782,11.320795967185187,4.983706822167555,0.3457910552466022,-0.30315080237041214,-0.27279897054348423,-0.41604873582615975,-0.39865530825759243
194,194.0,Austria,AUT,2014,0.6232699,22225.64,103.563576,82520.0,6.0058167716917,103.81,140.00055,48813.534409,10.009001856367947,11.320795967185187,4.941646351173016,0.39799763884617595,-0.2972542725510845,-0.30186223760835745,-0.5095670842419957,-0.39865530825759243
195,195.0,Austria,AUT,2015,0.6177819,22702.12,104.73124,82520.0,5.982792050412,55.52,138.95682,49942.056293,10.03021359117921,11.320795967185187,4.934163237387753,0.46518796669260515,-0.28871357889851496,-0.3070329770051224,-0.5277344717147784,-0.39865530825759243
196,196.0,Austria,AUT,2016,0.6123223,23554.97,105.87119,82520.0,5.9585555016966,42.89,143.46887,52665.087457,10.067092117518387,11.320795967185187,4.966118077868226,0.6273127417981657,-0.280375594915754,-0.28495257607428137,-0.5458078442815429,-0.39865530825759243
197,197.0,Austria,AUT,2017,0.5998381,24304.96,106.61048,82520.0,6.0021812893844,54.73,145.84715,54188.360666,10.098435723726299,11.320795967185187,4.9825591554988815,0.718005911122999,-0.27496817513539923,-0.27359199406662654,-0.5871353403981084,-0.39865530825759243
198,198.0,Austria,AUT,2018,0.5880861,24422.26,107.13182,82520.0,6.0046049442559,71.12,148.17715,56956.110562,10.103250290475025,11.320795967185187,4.998408517438721,0.8827931656244457,-0.2711549161595032,-0.2626402803084712,-0.6260389733390965,-0.39865530825759243
199,199.0,Austria,AUT,2019,0.5792184,24471.82,107.609535,82520.0,6.020358700921,64.52,153.58403,59716.251399,10.105277530458805,11.320795967185187,5.0342478439540095,1.0471273893286508,-0.2676607453464635,-0.23787574740359055,-0.6553944656664276,-0.39865530825759243
310,310.0,Belgium,BEL,2010,0.8334149,26707.87,359.2453,30280.0,11.829590488771,79.65,374.98312,39837.995894,10.19271355751047,10.318242707551384,5.926881011623947,-0.13639109031479194,1.5728892595307775,0.37892276981519407,0.1860935645313083,-0.9785307119013961
311,311.0,Belgium,BEL,2011,0.8049821,26304.24,361.81445,30280.0,11.846103038309,110.5,350.51743,40942.230717,10.177485421901874,10.318242707551384,5.859410434196832,-0.07064677394067233,1.5916809008740915,0.3323014323831889,0.0919700779175818,-0.9785307119013961
312,312.0,Belgium,BEL,2012,0.7827546,25483.1,364.3045,30280.0,11.862615587847,110.83,337.58096,42290.858433,10.145770766335865,10.318242707551384,5.821805363027104,0.009648291370459056,1.6098939777777048,0.3063167916847697,0.01838851723039597,-0.9785307119013961
313,313.0,Belgium,BEL,2013,0.7741377,24995.69,366.68625,30280.0,11.9270145310435,108.45,345.84137,43671.146878,10.12645868898775,10.318242707551384,5.845980201720949,0.09182838416003555,1.6273149114598318,0.32302130726902667,-0.010136730786043324,-0.9785307119013961
314,314.0,Belgium,BEL,2014,0.7715145,25243.3,369.11252,30280.0,11.99141347424,98.49,338.91125,44929.532494,10.136316052958232,10.318242707551384,5.825738273694973,0.16675058398178982,1.645061479640764,0.3090343844834192,-0.01882053013345661,-0.9785307119013961
315,315.0,Belgium,BEL,2015,0.7676772,26918.59,371.4764,30280.0,11.91215323646,51.65,348.0553,46200.86629,10.200572404972357,10.318242707551384,5.852361375195906,0.2424436970410711,1.6623517060341753,0.32743061949270635,-0.03152346671314126,-0.9785307119013961
316,316.0,Belgium,BEL,2016,0.7545156,26633.73,373.73965,30280.0,11.895640686922,42.06,352.98425,48597.487117,10.18993373659237,10.318242707551384,5.866423438374164,0.38513454014545695,1.678905890208028,0.337147331834941,-0.07509341696127811,-0.9785307119013961
317,317.0,Belgium,BEL,2017,0.7312896,26058.43,375.97394,30280.0,11.905548216645,53.01,357.46762,50442.060625,10.168096603276892,10.318242707551384,5.879044784605468,0.49495739825439006,1.6952482510421378,0.3458685265235658,-0.1519803960871614,-0.9785307119013961
318,318.0,Belgium,BEL,2018,0.7154217,26232.44,378.0911,30280.0,11.91215323646,70.57,383.1617,52530.381806,10.174752091790339,10.318242707551384,5.948457093293658,0.6192925899679004,1.7107338830162964,0.3938315763252718,-0.2045092385943344,-0.9785307119013961
319,319.0,Belgium,BEL,2019,0.6960599,25993.75,380.1377,30280.0,11.93857331572,63.78,358.85114,55804.725289,10.165611403491221,10.318242707551384,5.88290765068586,0.8142415893836608,1.7257034150300854,0.34853771937556344,-0.2686042318105376,-0.9785307119013961
610,610.0,Canada,CAN,2010,0.2607728,161306.62,3.7881963,8965590.0,0.7028539114548,79.14,1266.4891,40099.497886,11.991062304808628,16.008904474345012,7.144003863009116,-0.12082169389981366,-1.0270455070898774,1.2199396591686265,-1.7095716894643012,2.312940097564768
611,611.0,Canada,CAN,2011,0.2797499,159436.13,3.8283634,8965590.0,0.7028539114548,110.8,1268.1564,41666.718851,11.979398682138507,16.008904474345012,7.1453194712395245,-0.027511947815929146,-1.0267517111896765,1.2208487282410594,-1.646750200978561,2.312940097564768
612,612.0,Canada,CAN,2012,0.2818685,159856.58,3.869447,8965590.0,0.7028539114548,110.61,1285.4945,42290.879082,11.982032317231656,16.008904474345012,7.158898748205932,0.009649520777792003,-1.0264512116951774,1.2302318412612112,-1.6397368214049755,2.312940097564768
613,613.0,Canada,CAN,2013,0.2810603,163700.7,3.910919,8965590.0,0.69432128839262,108.6,1277.7136,44298.514462,12.005795039464928,16.008904474345012,7.1528275096667935,0.1291808132505308,-1.026147871310307,1.2260366902582556,-1.6424122737656721,2.312940097564768
614,614.0,Canada,CAN,2014,0.2778318,163298.01,3.9489443,8965590.0,0.69394206070097,98.6,1274.6562,45753.782936,12.003332092723864,16.008904474345012,7.150431774172398,0.21582509304602374,-1.0258697412674633,1.2243812665589004,-1.653099848557195,2.312940097564768
615,615.0,Canada,CAN,2015,0.2708875,161491.25,3.9854734,8965590.0,0.70799579280337,53.48,1277.9789,44670.054374,11.99220624061052,16.008904474345012,7.153035124629042,0.15130168556080442,-1.0256025549428838,1.2261801496383296,-1.6760881482706145,2.312940097564768
616,616.0,Canada,CAN,2016,0.2653539,160410.9,4.028015,8965590.0,0.68891171690876,43.6,1273.5061,46472.368771,11.985493927217927,16.008904474345012,7.149529084357,0.2586085060431348,-1.0252913911379788,1.2237575190220487,-1.694406489254468,2.312940097564768
617,617.0,Canada,CAN,2017,0.2717646,162757.4,4.0771823,8965590.0,0.68894517817567,54.3,1260.5651,48317.191163,12.000016027547138,16.008904474345012,7.139315391466511,0.3684461822940932,-1.024931764698332,1.2166999831177685,-1.6731846104513033,2.312940097564768
618,618.0,Canada,CAN,2018,0.273764,167075.7,4.130822,8965590.0,0.70222930113913,70.88,1300.6892,49992.811418,12.026202282105643,16.008904474345012,7.17064955681388,0.4682098429512637,-1.024539425596231,1.2383515051814125,-1.6665658286522727,2.312940097564768
619,619.0,Canada,CAN,2019,0.2773339,168097.03,4.1851773,8965590.0,0.72261836644326,63.12,1297.2765,49832.414539,12.032296651185895,16.008904474345012,7.168022345867302,0.45866007786619956,-1.0241418523511079,1.236536134797517,-1.654748088758124,2.312940097564768
930,930.0,Czech Republic,CZE,2010,1.066954,16795.0,135.55634,77230.0,12.260582675126,79.04,106.87343,27766.983552,9.728836502046393,11.25454326156331,4.671645237090544,-0.8550792151941422,-0.06324826018540812,-0.4884296796945646,0.9591976679833704,-0.4369757805575013
931,931.0,Czech Republic,CZE,2011,1.046883,16621.82,135.96605,77230.0,12.262281496828,110.42,108.28204,28999.754757,9.718471569032559,11.25454326156331,4.684739304612958,-0.781682055069964,-0.060251501189332035,-0.47938184042003973,0.8927549504239283,-0.4369757805575013
932,932.0,Czech Republic,CZE,2012,1.013561,16333.54,136.15628,77230.0,12.259827787129,112.33,106.93589,29258.904853,9.70097594140583,11.25454326156331,4.672229496015991,-0.7662526866558078,-0.058860093940732765,-0.48802596397803144,0.782446334285433,-0.4369757805575013
933,933.0,Czech Republic,CZE,2013,0.9991896,16205.14,136.20139,77220.0,12.249457394457,110.26,102.03872,30828.526409,9.693083754847184,11.254413769818226,4.62535234909458,-0.6728000133512801,-0.058530143980241256,-0.5204174947431803,0.7348714814562883,-0.4370506784018074
934,934.0,Czech Republic,CZE,2014,0.9957644,16720.37,136.23547,77220.0,12.24761978762,102.13,107.97657,32504.217576,9.724383015580448,11.254413769818226,4.681914259143925,-0.5730321307108267,-0.05828087121026678,-0.48133391202065473,0.7235327541290698,-0.4370506784018074
935,935.0,Czech Republic,CZE,2015,0.9926932,17480.41,136.32126,77210.0,12.261226525062,54.91,104.87653,33909.309243,9.768836104312028,11.254284261302862,4.652783753477141,-0.48937529507606836,-0.057653373823643606,-0.5014627324049649,0.7133659027430623,-0.4371255859460207
936,936.0,Czech Republic,CZE,2016,0.9859545,18158.64,136.37027,77210.0,12.255779044165,42.8,98.47254,36101.285601,9.806901759483056,11.254284261302862,4.5897777275853056,-0.35886864543661695,-0.057294897929968266,-0.5449991197513758,0.6910582179830693,-0.4371255859460207
937,937.0,Czech Republic,CZE,2017,0.962371,18659.93,136.4186,77210.0,12.184950135993,53.69,115.29597,38842.896268,9.834133723054535,11.254284261302862,4.747502474365815,-0.19563767742909122,-0.0569413957887456,-0.436013263672478,0.6129877765719236,-0.4371255859460207
938,938.0,Czech Republic,CZE,2018,0.9421199,18848.15,136.46112,77210.0,12.182359797954,71.51,116.113846,41157.370409,9.84417004482372,11.254284261302862,4.754571140852285,-0.05783771224394756,-0.056630389973624795,-0.43112890225114564,0.5459488588514305,-0.4371255859460207
939,939.0,Czech Republic,CZE,2019,0.9160324,19018.74,136.49063,77205.5,12.170117413915,64.39,117.60352,44223.295751,9.853180087848232,11.254225976998484,4.767318966989363,0.12470241551280833,-0.05641454374586795,-0.42232031150648724,0.45958921586742607,-0.43715929750618243
970,970.0,Denmark,DNK,2010,0.6231377,13556.7,138.77126,40000.0,6.5675,80.4,93.889694,43006.150516,9.514636169044989,10.596634733096073,4.542120625132117,0.05223559981712909,-0.03973323631080129,-0.5779295901760859,-0.5100047170087417,-0.8175091535625325
971,971.0,Denmark,DNK,2011,0.6111673,13260.54,139.4004,40000.0,6.59,112.77,90.32733,44407.94207,9.492547986892555,10.596634733096073,4.503440072438614,0.13569595217801872,-0.03513149128434042,-0.6046573753521999,-0.5496313378185445,-0.8175091535625325
972,972.0,Denmark,DNK,2012,0.6076128,12678.11,140.02388,40000.0,6.59,107.9,83.77038,44808.549212,9.44763216325386,10.596634733096073,4.4280794843855835,0.1595474393225968,-0.030571145432704967,-0.656730612882885,-0.5613980977988663,-0.8175091535625325
973,973.0,Denmark,DNK,2013,0.6138982,12466.28,140.63483,40000.0,6.59,107.25,83.788956,46742.939663,9.430782678210726,10.596634733096073,4.428301208826841,0.2747178497757908,-0.026102448284349464,-0.656577404026714,-0.5405910101127461,-0.8175091535625325
974,974.0,Denmark,DNK,2014,0.6241634,12574.42,141.26636,40000.0,6.5825,100.19,83.83874,47905.477079,9.439419870643793,10.596634733096073,4.428895191833847,0.343933406179463,-0.021483221980886123,-0.6561669690896719,-0.5066092561248435,-0.8175091535625325
975,975.0,Denmark,DNK,2015,0.6254624,12754.2,141.94487,40000.0,6.4325,52.43,84.774925,49058.142344,9.453615908107135,10.596634733096073,4.439999803316531,0.412561191028464,-0.01652036789768659,-0.6484938194186947,-0.5023090672897227,-0.8175091535625325
976,976.0,Denmark,DNK,2016,0.6276244,13051.36,142.6714,40000.0,6.4,44.69,85.293076,51967.020438,9.476647621880266,10.596634733096073,4.4460932788700385,0.585750985193905,-0.011206279119235496,-0.6442833029128795,-0.4951520170498983,-0.8175091535625325
977,977.0,Denmark,DNK,2017,0.6203375,13246.23,143.43214,40000.0,6.27,55.4,84.3533,55356.49009,9.491468262626624,10.596634733096073,4.435013930929728,0.7875544064409864,-0.005641966706370381,-0.6519389957874485,-0.5192744543267603,-0.8175091535625325
978,978.0,Denmark,DNK,2018,0.6186798,13497.64,144.16722,40000.0,6.35,72.04,85.59383,57479.350221,9.510270134329815,10.596634733096073,4.449613201110596,0.9139459901543985,-0.0002653403051704967,-0.6418510800274487,-0.5247620779079615,-0.8175091535625325
979,979.0,Denmark,DNK,2019,0.6212031,13317.45,144.89697,40000.0,6.705,64.88,85.663536,59884.11738,9.496830484325686,10.596634733096073,4.450427250812253,1.057121852402486,0.005072300654011959,-0.6412885817167091,-0.5164089859236188,-0.8175091535625325
1170,1170.0,Finland,FIN,2010,0.7516333,12668.07,17.645847,303900.0,1.9476801579467,79.1,117.16832,38954.131777,9.446839933377397,12.624453978904885,4.7636115334361095,-0.189014899064011,-0.9256859127433739,-0.42488210239792684,-0.08463493680690516,0.355378663000516
1171,1171.0,Finland,FIN,2011,0.7274724,12490.35,17.727753,303890.0,1.9559709105268,109.23,114.58838,40916.647325,9.432711625144938,12.624421072802445,4.741346402979143,-0.0721699668182539,-0.9250868242604648,-0.44026703312752086,-0.1646167939481499,0.35535963015687255
1172,1172.0,Finland,FIN,2012,0.7339843,12182.09,17.812283,303890.0,1.9559709105268,110.47,110.05728,40872.854802,9.407722119318572,12.624421072802445,4.701000957533745,-0.07477730126104087,-0.9244685429445626,-0.4681452386755069,-0.14305990428269563,0.35535963015687255
1173,1173.0,Finland,FIN,2013,0.7232919,11959.58,17.894562,303890.0,1.9559709105268,107.57,114.501656,41492.918416,9.389287909831149,12.624421072802445,4.7405892857718035,-0.03785973847295269,-0.9238667262121466,-0.4407901917863757,-0.17845585432168637,0.35535963015687255
1174,1174.0,Finland,FIN,2014,0.7401621,10837.22,17.968796,303890.0,1.9559709105268,97.53,108.04683,41749.864733,9.290741784538197,12.624421072802445,4.6825647442532,-0.022561579418234164,-0.9233237533598494,-0.4808844348273292,-0.12260901391655926,0.35535963015687255
1175,1175.0,Finland,FIN,2015,0.7509609,10845.43,18.028088,303910.0,1.9489322496792,49.28,108.589935,42490.211049,9.291499072083065,12.624486883924549,4.6875787236468085,0.021517416653707037,-0.922890071403355,-0.4774198368632896,-0.08686083901840248,0.35539769521788306
1176,1176.0,Finland,FIN,2016,0.7482916,12056.82,18.07994,303910.0,1.9499193840282,42.19,114.29884,44934.488245,9.397385753919034,12.624486883924549,4.738816422017858,0.1670456412058776,-0.9225108081501648,-0.4420152187899308,-0.09569724706889451,0.35539769521788306
1177,1177.0,Finland,FIN,2017,0.7657956,11457.94,18.122478,303920.0,1.9498552250592,53.04,110.74291,47570.270354,9.346438218438841,12.624519787861507,4.707211388817311,0.3239757517747057,-0.9221996706768908,-0.4638539072016928,-0.037752285275237905,0.3554167268090148
1178,1178.0,Finland,FIN,2018,0.7575304,11653.47,18.146559,303920.0,1.9498552250592,68.49,110.148224,49573.255773,9.36335926872138,12.624519787861507,4.7018269496503695,0.44323019325457247,-0.9220235340109941,-0.4675744883032144,-0.06511327123370036,0.3554167268090148
1179,1179.0,Finland,FIN,2019,0.7496915,11244.4,18.166542,303930.0,1.9488040009213,63.58,109.32646,51811.599332,9.3276255059223,12.624552690715833,4.694338451886235,0.5764974694097178,-0.921877371517966,-0.47274894796302186,-0.09106304048668816,0.3554357577739533
1190,1190.0,France,FRA,2010,0.7913744,134851.99,114.04213,547557.0,5.4659149641042,79.78,980.4591,35910.195851,11.81193308559655,13.213221844842806,6.8880209313548475,-0.37024581333440193,-0.2206105465854753,1.043058608367193,0.046923365360478406,0.6959211734681978
1191,1191.0,France,FRA,2011,0.7814038,135735.13,114.646095,547557.0,5.4918483372507,111.78,959.38947,37447.949543,11.81846069220144,13.213221844842806,6.866297113397975,-0.2786904999838838,-0.216192940114886,1.028047717903526,0.013916850503312435,0.6959211734681978
1192,1192.0,France,FRA,2012,0.7570186,134135.69,115.186935,547557.0,5.370399793994,112.01,927.1686,37684.198067,11.806607178527718,13.213221844842806,6.832135426050888,-0.2646246533167981,-0.21223705147307145,1.0044424129870877,-0.06680752577243419,0.6959211734681978
1193,1193.0,France,FRA,2013,0.7623506,133748.88,115.668655,547557.0,5.475046433522,109.56,915.1279,39528.473644,11.803719290891417,13.213221844842806,6.819063836927774,-0.1548195335272095,-0.2087135867209546,0.9954101060094345,-0.049156558205947914,0.6959211734681978
1194,1194.0,France,FRA,2014,0.7584992,133367.18,116.13128,547557.0,5.37341317890195,99.4,885.4536,40144.059485,11.80086135520755,13.213221844842806,6.786100056075833,-0.11816856994305118,-0.20532978932631027,0.9726325397170288,-0.0619061712002398,0.6959211734681978
1195,1195.0,France,FRA,2015,0.7798592,134939.17,116.53539,547557.0,5.2717799242819,53.14,885.4328,40829.893311,11.812579363280626,13.213221844842806,6.786076565015084,-0.07733515743200861,-0.20237399064454917,0.9726163076835769,0.00880363135417612,0.6959211734681978
1196,1196.0,France,FRA,2016,0.7995449,135244.9,116.863304,547557.0,5.339471507076,43.48,879.3369,42855.944562,11.814842488049521,13.213221844842806,6.779168100704033,0.04329258556385303,-0.19997551555377935,0.9678426439909783,0.0739708579527469,0.6959211734681978
1197,1197.0,France,FRA,2017,0.8056509,135382.68,117.145966,547557.0,5.341570284007,54.47,883.0668,44444.934559,11.815860713996072,13.213221844842806,6.783400848931681,0.1378984238349757,-0.19790802906004262,0.9707674208479581,0.09418406274662616,0.6959211734681978
1198,1198.0,France,FRA,2018,0.8291613,132743.22,117.390175,547557.0,5.1576365565594,71.59,880.2211,46336.933985,11.796171864353564,13.213221844842806,6.780173125914256,0.25054494272002353,-0.1961218009531554,0.9685371040243774,0.172012515086296,0.6959211734681978
1199,1199.0,France,FRA,2019,0.8202252,132123.08,117.612885,547557.0,5.1422956879375,64.98,872.8093,50226.680167,11.791489191373481,13.213221844842806,6.771717089824146,0.4821340017479435,-0.1944928238815288,0.9626940873061626,0.1424305924923579,0.6959211734681978
1290,1290.0,Germany,DEU,2010,0.9019244,153867.65,232.76306,348570.0,10.86639699343,78.49,1357.6443,39675.00238,11.943848096302053,12.761594349845018,7.213506344501363,-0.14609545475625424,0.6477549192318762,1.2679650172665626,0.41288631818775834,0.4347004618083097
1291,1291.0,Germany,DEU,2011,0.8835884,156009.17,233.0444,348560.0,10.857815010328,110.63,1313.2709,42541.513126,11.957670066555359,12.761565660791323,7.180276174422834,0.024571857530489155,0.6498127361656978,1.2450033793018127,0.35218711689385535,0.43468386809976467
1292,1292.0,Germany,DEU,2012,0.8661911,154538.98,233.3941,348540.0,10.885694611809,112.21,1305.3893,43359.541048,11.948201641232844,12.761508280214633,7.1742565894462125,0.07327588803798545,0.6523705615078371,1.2408439202739299,0.29459537307456934,0.43465067925443424
1293,1293.0,Germany,DEU,2013,0.8533505,158913.81,233.78056,348880.0,10.851868837423,109.62,1334.2625,44993.667838,11.976117258754645,12.762483302516648,7.196133983729285,0.17056909636599774,0.6551972620560873,1.255960930086184,0.25208805609515766,0.43521463079068384
1294,1294.0,Germany,DEU,2014,0.8456818,159809.74,234.2907,348900.0,10.826884494124,99.76,1298.318,47011.280402,11.98173926164585,12.762540627174866,7.168824859554163,0.29069441388463796,0.658928600403353,1.2370906618642132,0.22670171420147556,0.43524778729284846
1295,1295.0,Germany,DEU,2015,0.8413538,162767.54,234.90436,348860.0,11.026199621625,52.65,1296.5422,47609.557159,12.00007832692121,12.762425974572126,7.167456153619851,0.3263148232144484,0.6634171194181002,1.236144902932808,0.21237437218576805,0.4351814723877263
1296,1296.0,Germany,DEU,2016,0.8372371,165683.52,235.64336,349360.0,11.05535836959,42.8,1323.3187,50579.483717,12.017834741618765,12.763858188159443,7.187898027017479,0.5031393420306353,0.6688224180393209,1.250269985505914,0.19874651431237053,0.4360098627241683
1297,1297.0,Germany,DEU,2017,0.8247863,168699.2,236.48178,349370.0,11.046741277156,54.02,1352.0428,53071.478374,12.035872526376995,12.763886811518969,7.209371912906577,0.651508585347302,0.6749549085264706,1.2651081759911447,0.1575295850218966,0.43602641843529827
1298,1298.0,Germany,DEU,2018,0.8107434,163180.57,237.26122,349380.0,10.99547770336,70.5,1286.6825,55195.722049,12.002612658051822,12.763915434059221,7.159822479414534,0.7779825429838682,0.6806559991317809,1.2308701281414332,0.11104219334158721,0.4360429736725615
1299,1299.0,Germany,DEU,2019,0.7991893,164868.36,237.9809,349390.0,10.988866309854,64.43,1294.7367,57411.520685,12.012902616274598,12.763944055780247,7.16606263299791,0.9099075316839635,0.6859199846686143,1.235181997358091,0.07279368539711248,0.43605952843598483
1365,1365.0,Greece,GRC,2010,1.026899,22447.65,85.59956,128900.0,1.9798293250582,78.97,214.71916,27911.57449,10.01894121063124,11.766792188927278,5.3693309417041295,-0.8464705097134759,-0.42864922642981806,-0.006337456733919619,0.8266002362737667,-0.14069171717538745
1366,1366.0,Greece,GRC,2011,1.073087,20093.8,85.37417,128900.0,1.9813809154383,109.41,204.57788,25671.409119,9.90816658875286,11.766792188927278,5.320948734280868,-0.9798462535441622,-0.43029780593758105,-0.03976896575608275,0.979500253145647,-0.14069171717538745
1367,1367.0,Greece,GRC,2012,1.057213,16723.65,85.055336,128900.0,1.7129557796742,111.92,178.33144,24911.130276,9.724579164249809,11.766792188927278,5.183643841349108,-1.025111999330864,-0.43262986680442583,-0.13464495449876024,0.9269512172959843,-0.14069171717538745
1368,1368.0,Greece,GRC,2013,1.067053,16502.58,84.67417,128900.0,1.7571761055081,107.61,164.76158,25986.640698,9.711272011301517,11.766792188927278,5.104499459228139,-0.9610778863189879,-0.4354178452269646,-0.18933274709539488,0.9595253960008279,-0.14069171717538745
1369,1369.0,Greece,GRC,2014,1.08123,16531.42,84.274414,128900.0,1.7362296353763,95.55,163.353,26625.159298,9.71301809154171,11.766792188927278,5.095913503351347,-0.9230615441653227,-0.43834179726434574,-0.1952655367849546,1.0064567101775108,-0.14069171717538745
1370,1370.0,Greece,GRC,2015,1.100332,17082.3,83.837425,128900.0,1.7377812257564,49.32,170.19884,26760.280798,9.745798118698206,11.766792188927278,5.136967400604885,-0.9150166333728783,-0.4415380841915292,-0.16689779976916216,1.0696916656266902,-0.14069171717538745
1371,1371.0,Greece,GRC,2016,1.109493,17418.41,83.39598,128900.0,1.7377812257564,40.08,169.91696,27511.803202,9.765282971843488,11.766792188927278,5.1353098471214045,-0.8702722314923238,-0.4447669638259604,-0.16804314879701662,1.1000180935855386,-0.14069171717538745
1372,1372.0,Greece,GRC,2017,1.146319,17194.88,82.94981,128900.0,1.7377812257564,50.81,173.9932,28604.829152,9.752366944069117,11.766792188927278,5.159016217991097,-0.8051952728915329,-0.448030403725595,-0.15166233870541593,1.2219262953116121,-0.14069171717538745
1373,1373.0,Greece,GRC,2018,1.139191,17424.89,82.49244,128900.0,1.7788983708301,68.14,171.97284,29617.518625,9.765654922839788,11.766792188927278,5.14733655736809,-0.744901415357887,-0.4513757642538597,-0.1597328402449169,1.198329878054689,-0.14069171717538745
1374,1374.0,Greece,GRC,2019,1.136316,17837.12,82.03278,128900.0,1.7688130333592,62.24,177.19585,31155.301081,9.789036958124393,11.766792188927278,5.177255618032172,-0.6533443894463479,-0.45473787462494264,-0.13905913807635892,1.1888125240123695,-0.14069171717538745
1625,1625.0,Ireland,IRL,2010,0.7011403,11522.1,65.678345,68890.0,2.7856002322543,80.95,88.99752,43211.902863,9.352022209303442,11.140266308587242,4.488608504175359,0.06448575450717525,-0.574359802847326,-0.6149058062240707,-0.25178615686215455,-0.503073410381563
1626,1626.0,Ireland,IRL,2011,0.6861807,11213.47,65.967545,68890.0,2.7856002322543,113.92,83.32917,45132.175891,9.324871013216084,11.140266308587242,4.422798667946094,0.17881563692704938,-0.5722444951866263,-0.6603795919568802,-0.30130817756875794,-0.503073410381563
1627,1627.0,Ireland,IRL,2012,0.7293099,10825.79,66.25853,68890.0,2.7856002322543,115.64,78.681206,46304.784189,9.289686529422617,11.140266308587242,4.36540432131391,0.24863079700068705,-0.5701161314257389,-0.7000383780984252,-0.1585339633211024,-0.503073410381563
1628,1628.0,Ireland,IRL,2013,0.7256185,11050.11,66.61098,68890.0,2.749310494992,110.46,79.802826,47836.18565,9.310195661647482,11.140266308587242,4.379558917362553,0.339807909015903,-0.5675381916435344,-0.6902577266832158,-0.17075391487303893,-0.503073410381563
1629,1629.0,Ireland,IRL,2014,0.7242966,11332.12,67.094864,68890.0,2.1164174771375,99.87,78.99451,51296.92985,9.335396450375454,11.140266308587242,4.369378356381339,0.5458548990542708,-0.5639988986556714,-0.6972923688465354,-0.17512991150209745,-0.503073410381563
1630,1630.0,Ireland,IRL,2015,0.7264022,11810.52,67.72774,68890.0,2.1164174771375,53.54,81.82424,69305.538798,9.376745938704737,11.140266308587242,4.4045735322292305,1.6180577126899662,-0.5593698272480888,-0.6729729361137144,-0.1681595669207032,-0.503073410381563
1631,1631.0,Ireland,IRL,2016,0.7510473,12292.53,68.453926,68890.0,3.1557555523298,45.03,86.16183,71505.746281,9.416747039795624,11.140266308587242,4.4562272721768945,1.7490544299082005,-0.5540582546032313,-0.6372808384385982,-0.08657482183953093,-0.503073410381563
1632,1632.0,Ireland,IRL,2017,0.7484981,12013.59,69.267815,68890.0,2.7406009580491,55.01,85.46276,78252.205616,9.393793787975767,11.140266308587242,4.448080725505286,2.15072746872829,-0.548105192235807,-0.6429100017830636,-0.0950136527698545,-0.503073410381563
1633,1633.0,Ireland,IRL,2018,0.7448611,12188.38,70.17718,68890.0,2.7406009580491,72.18,88.72634,85034.728547,9.408238317827642,11.140266308587242,4.485556801264385,2.5545476744513125,-0.541453785766678,-0.6170144953235295,-0.10705351943139063,-0.503073410381563
1634,1634.0,Ireland,IRL,2019,0.742179,12196.55,71.07013,68890.0,2.7406009580491,65.03,88.71635,89759.238887,9.408908403844352,11.140266308587242,4.485444201528543,2.8358372118179123,-0.5349224442188852,-0.6170923003532125,-0.11593230039727083,-0.503073410381563
1665,1665.0,Italy,ITA,2010,0.8209842,115908.96,202.2963,295718.0,5.6485232552635,79.29,853.3912,34838.135774,11.66056033436389,12.59716157649383,6.749218059006335,-0.43407449850742036,0.42491062177442324,0.9471475343100307,0.1449431739595305,0.33959277560506707
1666,1666.0,Italy,ITA,2011,0.8462846,114909.36,202.98445,295718.0,5.6561994873494,110.23,828.8807,36203.328522,11.65189892265998,12.59716157649383,6.720076236456218,-0.3527931785683136,0.42994398611297935,0.9270108940988175,0.22869721368554874,0.33959277560506707
1667,1667.0,Italy,ITA,2012,0.9855168,107527.49,203.5397,295718.0,5.661339519407,112.18,772.2136,36091.373957,11.585501814789064,12.59716157649383,6.649261195692659,-0.3594587683392377,0.4340052744207368,0.8780785737216054,0.6896092628998265,0.33959277560506707
1668,1668.0,Italy,ITA,2013,0.9890913,104427.92,203.95378,295718.0,5.6647211194449,109.98,706.4804,36267.925352,11.55625235162705,12.59716157649383,6.560295459347682,-0.3489471900703717,0.43703399709066226,0.8166043464036827,0.7014422305604427,0.33959277560506707
1669,1669.0,Italy,ITA,2014,0.9894316,109268.97,203.98825,295718.0,5.654914479335,99.09,671.279,36475.976061,11.601567736328363,12.59716157649383,6.509184847869369,-0.3365601947053867,0.43728612245395515,0.7812875438068678,0.7025687542406518,0.33959277560506707
1670,1670.0,Italy,ITA,2015,0.9863303,106693.81,203.6843,295718.0,5.6553202713396,52.06,710.4441,37206.331822,11.577718422486118,12.59716157649383,6.565890267453923,-0.2930760197665885,0.43506292825108656,0.8204702898494779,0.6923022602958012,0.33959277560506707
1671,1671.0,Italy,ITA,2016,0.9872585,105609.99,203.29784,295718.0,5.6771315915839,42.33,704.78986,40267.222623,11.567508248052512,12.59716157649383,6.557899687458316,-0.11083564026030235,0.4322362277028364,0.8149488975558514,0.6953749587382643,0.33959277560506707
1672,1672.0,Italy,ITA,2017,0.9752961,101538.28,202.9103,295718.0,5.6767596155797,53.17,713.6949,41951.466331,11.52819114922063,12.59716157649383,6.570455560091885,-0.01055855346363595,0.4294016276653968,0.8236248507953985,0.6557748210005794,0.33959277560506707
1673,1673.0,Italy,ITA,2018,0.964327,105134.01,202.48221,295718.0,5.6745953915555,70.88,730.3281,43427.663143,11.562991101093655,12.59716157649383,6.593493885223911,0.07733176498776333,0.42627043106626517,0.839544049515888,0.6194628877047159,0.33959277560506707
1674,1674.0,Italy,ITA,2019,0.9584684,106339.65,201.97667,295717.0,5.6738706263083,64.7,709.052,45799.741922,11.574393495723216,12.597158194888076,6.563928866578928,0.2185614151152813,0.42257273869147244,0.819114986018985,0.600068671916078,0.3395908196890267
1725,1725.0,Japan,JPN,2010,0.5592116,224196.78,351.45523,364500.0,5.5254595336077,79.43,2438.675,35342.824721,12.32027942734043,12.80628183043085,7.79921013800466,-0.4040261527108769,1.5159100245778523,1.6726791198191933,-0.7216246565721247,0.46054763809897303
1726,1726.0,Japan,JPN,2011,0.5607123,219248.21,351.18588,364500.0,5.5109465020576,109.3,2438.1338,36215.006272,12.29795974600498,12.80628183043085,7.798988189585348,-0.352097904633326,1.5139399066027162,1.6725257561969473,-0.7166567632812346,0.46054763809897303
1727,1727.0,Japan,JPN,2012,0.5616316,220022.87,350.7646,364500.0,5.3320713305898,114.75,2602.7302,37628.675989,12.301486774477054,12.80628183043085,7.864316249987534,-0.26793034607865385,1.5108585206715281,1.7176666407710988,-0.7136135272565027,0.46054763809897303
1728,1728.0,Japan,JPN,2013,0.5615698,217040.88,350.2851,364500.0,5.3320987654321,110.61,2488.5225,39436.682585,12.28784100187675,12.80628183043085,7.819444439849054,-0.16028462147545583,1.5073512937583007,1.6866607730073195,-0.7138181089886124,0.46054763809897303
1729,1729.0,Japan,JPN,2014,0.5483032,212000.16,349.73038,364500.0,NaN,104.16,2363.3672,39559.763471,12.264342308370846,12.80628183043085,7.767842660797703,-0.1529565889408482,1.5032938820517197,1.651004579671141,-0.757735649558295,0.46054763809897303
1730,1730.0,Japan,JPN,2015,0.5446123,210678.43,349.11093,364500.0,NaN,54.2,2268.3572,40908.781547,12.258088221509563,12.80628183043085,7.726811148037343,-0.07263828224047143,1.4987630129977072,1.6226523100642474,-0.7699539459182243,0.46054763809897303
1731,1731.0,Japan,JPN,2016,0.5471356,208827.64,348.40564,364500.0,NaN,41.79,2201.7234,40642.704531,12.249264501708687,12.80628183043085,7.696995696313623,-0.08848006802319115,1.4936042808399796,1.6020502003965067,-0.7616008539338817,0.46054763809897303
1732,1732.0,Japan,JPN,2017,0.5452173,206987.36,347.49646,364500.0,NaN,54.42,2169.7593,41531.221619,12.240413007581164,12.80628183043085,7.682371518723257,-0.035579229070674644,1.4869542275240917,1.5919450739235264,-0.7679511635893189,0.46054763809897303
1733,1733.0,Japan,JPN,2018,0.5399268,204723.11,346.38098,364500.0,NaN,72.85,2099.697,42264.585123,12.229413662199327,12.80628183043085,7.649548327587044,0.00808402191539624,1.4787952254862038,1.56926465339193,-0.7854647502191942,0.46054763809897303
1734,1734.0,Japan,JPN,2019,0.5373633,200693.27,345.10748,364500.0,NaN,66.78,2033.9596,42427.125075,12.209533001586424,12.80628183043085,7.61773971407103,0.017761382024988302,1.469480411150447,1.5472852934912937,-0.7939509196409287,0.46054763809897303
1825,1825.0,Republic of Korea,KOR,2010,0.9785297,85444.87,500.13358,97200.0,3.7225308641975,78.72,1273.9985,31736.700156,11.355626651633306,11.48452599044853,7.149915658737381,-0.6187288494087917,2.6033943009788643,1.22402463715439,0.6664792787505773,-0.3039540917226032
1826,1826.0,Republic of Korea,KOR,2011,0.9406601,85115.57,503.78976,97190.0,3.7423603251363,108.63,1286.9058,32546.517725,11.351765259048195,11.484423104497516,7.15999601144416,-0.570513649749528,2.630136851334662,1.2309900366351345,0.5411163602667424,-0.30401360081281875
1827,1827.0,Republic of Korea,KOR,2012,0.9205262,86480.88,508.547,97310.0,3.7510019525229,113.24,1332.9854,33557.030447,11.3676786280245,11.485657037816035,7.195176367380543,-0.5103493923728698,2.664932930918986,1.2552992289917573,0.47446541955277416,-0.30329989550662206
1828,1828.0,Republic of Korea,KOR,2013,0.9087006,88405.29,513.3015,97426.0,3.7629585531583,108.59,1335.0175,34244.239492,11.389687088464255,11.48684839446011,7.1966996793626645,-0.46943410159541454,2.699708969206663,1.2563518187966902,0.435318142348303,-0.3026108164893947
1829,1829.0,Republic of Korea,KOR,2014,0.8972631,88716.98,518.01276,97430.0,3.7650620958637,101.24,1329.7903,35324.260296,11.393206581769503,11.486889450419387,7.192776539611776,-0.405131447893642,2.734168735353092,1.2536409775812483,0.3974556251799447,-0.3025870697799513
1830,1830.0,Republic of Korea,KOR,2015,0.8909709,94191.93,522.4836,97445.0,4.0474113602545,53.32,1393.7766,37902.361018,11.453089788104865,11.487043395256125,7.239772320228102,-0.2516355917758038,2.7668699874338745,1.286114482767432,0.37662602688252456,-0.3024980283016214
1831,1831.0,Republic of Korea,KOR,2016,0.8823972,98774.94,525.71704,97489.0,4.1758557375704,41.0,1519.5149,39575.302078,11.500599207838253,11.487494830108405,7.32614641816596,-0.1520314459609829,2.7905204729193946,1.345797919887797,0.3482437874555208,-0.30223691901423994
1832,1832.0,Republic of Korea,KOR,2017,0.8655661,98329.84,527.7832,97510.0,4.1749564147267,53.47,1504.5675,40957.347064,11.496082820599076,11.487710215829164,7.3162607604674665,-0.06974677162333084,2.8056330734596124,1.3389670522581751,0.2925263830653695,-0.30211234021449623
1833,1833.0,Republic of Korea,KOR,2018,0.8338947,98102.18,529.47644,97520.0,4.3068088597211,71.56,1499.6987,43044.340145,11.493764867528766,11.487812764155153,7.313019500247224,0.054509347211152616,2.8180180096401206,1.3367273813942921,0.18768188678157097,-0.3020530264061229
1834,1834.0,Republic of Korea,KOR,2019,0.7883548,100988.8,530.777,97600.0,4.2101946721311,65.42,1486.9946,43410.152957,11.522764898585416,11.488632772401184,7.304512314980797,0.07628923745269967,2.8275307500661215,1.3308490212256525,0.036927329789630293,-0.30157873478312036
2439,2439.0,Netherlands,NLD,2010,0.9748222,34774.44,493.529,33730.0,8.9327008597688,78.55,568.0019,45042.666206,10.456637913139335,10.426142928055697,6.3421247637859794,0.17348637821629811,2.555086145136184,0.665851084709057,0.6542060300160035,-0.9161213752233149
2440,2440.0,Netherlands,NLD,2011,0.9541302,34671.02,496.03415,33720.0,8.935349940688,109.19,567.4296,46599.227659,10.453659458494355,10.425846412115792,6.341116688796929,0.2661614745728555,2.5734096686016112,0.6651545173160768,0.5857075639834205,-0.9162928796283796
2441,2441.0,Netherlands,NLD,2012,0.9469508,33160.06,498.5238,33720.0,8.935349940688,111.54,555.90686,47271.968226,10.40910141865652,10.425846412115792,6.320600762232266,0.3062153360824854,2.591619819768488,0.6509782649172497,0.5619409929881405,-0.9162928796283796
2442,2442.0,Netherlands,NLD,2013,0.945965,31648.68,500.96085,33690.0,8.9433066191748,108.55,529.2256,49242.786711,10.36245172054146,10.424956336400598,6.27141480597629,0.42355461147482054,2.6094452365544765,0.6169913753578289,0.5586776164264295,-0.9168076981775809
2443,2443.0,Netherlands,NLD,2014,0.953127,29081.35,503.53668,33690.0,8.9997031760166,99.22,518.6247,49233.230349,10.277852354228783,10.424956336400598,6.251180500200225,0.42298564147529916,2.6282857377012943,0.6030097194529664,0.5823865867398532,-0.9168076981775809
2444,2444.0,Netherlands,NLD,2015,0.9558376,29250.57,506.12146,33670.0,9.002079002079,51.66,514.1263,50288.352815,10.283654339649617,10.42436251215512,6.2424689551153465,0.48580588928245005,2.647191702207598,0.5969901491684971,0.5913597136501528,-0.9171511652909047
2445,2445.0,Netherlands,NLD,2016,0.9577441,29355.37,508.5985,33670.0,9.0822690822691,41.62,517.6337,52289.404292,10.287230772745202,10.42436251215512,6.249267849258898,0.6049451870518952,2.6653096195238475,0.6016881012257984,0.5976709607742163,-0.9171511652909047
2446,2446.0,Netherlands,NLD,2017,0.9473653,30160.65,511.05447,33670.0,9.0733590733591,52.63,520.2487,55089.58143,10.314293373613795,10.42436251215512,6.254306966471967,0.7716631059489782,2.6832734236574862,0.6051700691132628,0.5633131471622419,-0.9171511652909047
2447,2447.0,Netherlands,NLD,2018,0.9314972,30309.43,513.39594,33670.0,9.1416691416691,69.99,506.29205,57825.399708,10.319214164200325,10.42436251215512,6.22711367669971,0.9345492046886222,2.700399735650219,0.5863798410360209,0.5107836425782659,-0.9171511652909047
2448,2448.0,Netherlands,NLD,2019,0.9075937,29847.04,515.68933,33670.0,9.1416691416691,63.96,494.32846,60207.9957,10.303840951424762,10.42436251215512,6.203200195026083,1.076405032296187,2.7171743740871896,0.5698559199315282,0.43165387828240953,-0.9171511652909047
2479,2479.0,New Zealand,NZL,2010,0.4243495,13349.43,16.50657,263310.0,NaN,80.62,84.057106,31138.14575,9.499228966287655,12.481087324254274,4.4314964011946465,-0.6543657895011865,-0.9340189741740752,-0.6543695654810824,-1.1680699966036756,0.272455590399913
2480,2480.0,New Zealand,NZL,2011,0.4170027,13332.41,16.639223,263310.0,NaN,112.38,86.09669,32638.103325,9.49795319203007,12.481087324254274,4.455470967024557,-0.565060794490576,-0.9330487047857114,-0.6378034359774553,-1.1923907258830195,0.272455590399913
2481,2481.0,New Zealand,NZL,2012,0.4172683,13007.11,16.749401,263310.0,NaN,117.7,85.00911,32916.91304,9.473251410012681,12.481087324254274,4.4427584272179175,-0.54846092485294,-0.9322428252302462,-0.6465876443026825,-1.1915114878887099,0.272455590399913
2482,2482.0,New Zealand,NZL,2013,0.4309368,13081.55,16.902666,263310.0,NaN,113.43,86.02264,36084.865782,9.47895811951949,12.481087324254274,4.45461051742173,-0.3598462543225685,-0.9311217926278357,-0.6383979960480279,-1.1462635039835114,0.272455590399913
2483,2483.0,New Zealand,NZL,2014,0.4461032,13339.87,17.144043,263310.0,NaN,105.96,87.716354,37084.794142,9.498512574294695,12.481087324254274,4.47410835861839,-0.3003121723664387,-0.929356278737045,-0.62492522809066,-1.0960568958626644,0.272455590399913
2484,2484.0,New Zealand,NZL,2015,0.4549675,13814.35,17.43417,263310.0,NaN,57.99,91.31664,37246.951138,9.53346318594298,12.481087324254274,4.514333027292181,-0.2906576128241694,-0.927234190681458,-0.5971304778032891,-1.066712658840983,0.272455590399913
2485,2485.0,New Zealand,NZL,2016,0.4525683,13906.7,17.728487,263310.0,NaN,44.91,93.80438,39696.946073,9.540126017375654,12.481087324254274,4.5412115500179455,-0.1447889635417414,-0.9250814555335529,-0.5785577498756918,-1.074654932169099,0.272455590399913
2486,2486.0,New Zealand,NZL,2017,0.4422119,14803.83,18.025343,263310.0,NaN,55.91,99.15254,41994.487818,9.602641210057243,12.481087324254274,4.596659472388558,-0.007997125229984822,-0.9229101492717112,-0.5402439189093499,-1.1089385931791436,0.272455590399913
2487,2487.0,New Zealand,NZL,2018,0.449641,15126.26,18.375786,263310.0,NaN,75.68,99.47485,42320.906448,9.624187585214433,12.481087324254274,4.599904848395293,0.011437300522703761,-0.9203468893735833,-0.5380014040877277,-1.0843454192953883,0.272455590399913
2488,2488.0,New Zealand,NZL,2019,0.4825674,14655.0,18.833439,263310.0,NaN,69.27,101.945694,45518.307468,9.592536853144992,12.481087324254274,4.624440259738095,0.20180527285553498,-0.9169994588865774,-0.5210477372470743,-0.9753463910731165,0.272455590399913
2559,2559.0,Norway,NOR,2010,0.5905147,13931.38,13.422861,365244.0,1.0836591429291,81.06,121.60488,58229.713025,9.541899128629447,12.808320902373296,4.800777100305764,0.958621351367443,-0.9565742759412543,-0.399201153753999,-0.6179993747209479,0.4617270344595383
2560,2560.0,Norway,NOR,2011,0.5938198,13994.47,13.598048,365244.0,1.0705172432675,111.18,119.485565,62461.20278,9.546417530564346,12.808320902373296,4.7831955690961845,1.2105572579264832,-0.955292898336984,-0.4113497751286801,-0.607058224513897,0.4617270344595383
2561,2561.0,Norway,NOR,2012,0.5982879,14137.3,13.777833,365244.0,1.0653152413181,108.23,116.85442,65768.753269,9.556571973551542,12.808320902373296,4.760928886542471,1.4074833475977107,-0.9539778893889245,-0.42673577833799625,-0.5922670976977273,0.4617270344595383
2562,2562.0,Norway,NOR,2013,0.5974141,14190.81,13.946957,365123.0,1.0673116804268,109.07,120.905174,67372.928181,9.560349850977378,12.807989562098868,4.795006552403962,1.502993270611571,-0.952740858639242,-0.40318853123254644,-0.5951597112497897,0.4615353877080752
2563,2563.0,Norway,NOR,2014,0.5967789,14551.57,14.104138,365108.0,1.0698204366927,101.61,114.895226,66335.459647,9.585454170558513,12.807948479208653,4.744020634818325,1.4412241087387525,-0.9515911830741782,-0.4384191718863656,-0.5972624671759396,0.4615116254218152
2564,2564.0,Norway,NOR,2015,0.5861115,14348.97,14.248067,365190.7,1.066839872976,51.29,114.84809,60721.583813,9.57143344160819,12.808174961880342,4.743610298609359,1.1069832197285705,-0.9505384371672044,-0.43870270914939613,-0.6325756576145621,0.46164262268246137
2565,2565.0,Norway,NOR,2016,0.5796334,13844.94,14.374984,365145.8,1.066697397776,46.12,111.02129,59263.430471,9.535675101901198,12.808052004859691,4.709721984722522,1.0201671796602274,-0.9496101228436462,-0.46211911637411,-0.654020656300319,0.46157150451363055
2566,2566.0,Norway,NOR,2017,0.5947398,13050.18,14.486998,365123.0,1.0667638028829,53.7,110.461266,64589.163172,9.476557205759164,12.807989562098868,4.704664925569775,1.3372525027505489,-0.9487908141565592,-0.4656134819207594,-0.6040126712203547,0.4615353877080752
2567,2567.0,Norway,NOR,2018,0.5880286,13242.83,14.5828705,365108.0,1.0646164970365,72.69,113.587776,70252.735449,9.491211552874095,12.807948479208653,4.732575894863347,1.674452235842811,-0.9480895699183142,-0.4463273461396388,-0.6262293204199427,0.4615116254218152
2568,2568.0,Norway,NOR,2019,0.5755521,12767.26,14.681596,365094.0,1.065479027319,67.41,109.5812,69915.01766,9.454639360616511,12.807910133654952,4.696665826953758,1.6543450768375707,-0.9473674578627941,-0.4711407604760978,-0.667531326579595,0.46148944640716755
2759,2759.0,Poland,POL,2010,1.015923,49373.53,126.08159,306280.0,6.6044142614601,77.89,323.04956,20632.568496,10.807169729608326,12.63225499522706,5.777805747984983,-1.2798504964616837,-0.13254982055267403,0.2759135999828316,0.7902654613282012,0.3598907599342043
2760,2760.0,Poland,POL,2011,0.9757812,49968.79,126.158325,306230.0,6.6054926035986,109.58,321.77057,22386.227115,10.819153889516357,12.632091732586087,5.773838776056628,-1.1754405605872578,-0.13198855453143,0.273172471272989,0.65738068828612,0.35979632905093273
2761,2761.0,Poland,POL,2012,0.9446124,48023.98,126.174736,306220.0,6.561948925609,109.97,309.68506,23300.922905,10.779455748473154,12.632059076859086,5.735555845583077,-1.1209810849836388,-0.13186851886746137,0.2467194381501963,0.5541999910081198,0.35977744102409337
2762,2762.0,Poland,POL,2013,0.9375651,45167.85,126.11424,306210.0,6.312008099017,107.71,287.97726,24028.186721,10.718140829552581,12.632026420065653,5.662881518685239,-1.0776809993400314,-0.13231100729153358,0.19650237396976875,0.5308707217411845,0.3597585523804311
2763,2763.0,Poland,POL,2014,0.9376455,45540.03,126.03104,306190.0,6.2836800679317,96.28,289.08633,25005.655694,10.726346998379041,12.631961103279217,5.666725363227762,-1.019484112166878,-0.13291956053278595,0.19915842317353782,0.531136876615968,0.35972077324247953
2764,2764.0,Poland,POL,2015,0.9460327,48040.11,125.93718,306190.0,6.2807407165485,49.75,302.29468,26495.814917,10.779791565949832,12.631961103279217,5.711402303218385,-0.9307624948404479,-0.13360608465807391,0.23002963806690863,0.5589017294242261,0.35972077324247953
2765,2765.0,Poland,POL,2016,0.9523636,54743.92,125.86845,306190.0,6.2484078513341,40.64,332.21463,27830.927735,10.910421591283903,12.631961103279217,5.805781235944573,-0.8512720842199394,-0.13410879937287296,0.2952443173669824,0.5798594395830161,0.35972077324247953
2766,2766.0,Poland,POL,2017,0.9329951,63216.76,125.87076,306190.0,6.2735556353898,52.63,360.56094,29609.446369,11.054324734851747,12.631961103279217,5.887660985434685,-0.7453820241389749,-0.13409190324321793,0.3518222151024844,0.5157422667939145,0.35972077324247953
2767,2767.0,Poland,POL,2018,0.9174737,65040.4,125.83368,306170.0,6.2697194369141,69.06,369.8405,31662.210541,11.082763894264282,12.631895782226218,5.913071831615029,-0.6231638379756631,-0.13436311903871845,0.36938079662620604,0.4643604723478417,0.3596829916367543
2768,2768.0,Poland,POL,2019,0.8984549,66041.58,125.74266,306110.0,6.3241971840188,63.49,376.97665,34592.873746,11.098039822641873,12.63169979346228,5.932183249190354,-0.4486769943058983,-0.13502887043317513,0.3825865506238754,0.4014009408486877,0.3595696320097159
2779,2779.0,Portugal,PRT,2010,1.06715,18974.66,115.58683,91590.0,3.1029588383011,79.13,150.46498,27260.554162,9.850859683789725,11.425077374397032,5.013730366082272,-0.8852311840904469,-0.2093120827421743,-0.2520530717364865,0.9598465032502558,-0.33833908812819996
2780,2780.0,Portugal,PRT,2011,1.029541,17624.16,115.32941,91590.0,3.0505513702369,112.33,141.33363,26769.42769,9.777025966970248,11.425077374397032,4.951123265618249,-0.9144720425404191,-0.21119494061913593,-0.2953138065290071,0.8353462708406566,-0.33833908812819996
2781,2781.0,Portugal,PRT,2012,1.004199,16232.37,114.8629,91590.0,2.7745976635004,112.21,128.69424,26438.140472,9.6947626757259,11.425077374397032,4.85743935835578,-0.9341963359762313,-0.21460715423183635,-0.3600482317997914,0.7514545191396261,-0.33833908812819996
2782,2782.0,Portugal,PRT,2013,1.002907,15865.52,114.23469,91605.2,2.7775159052106,109.74,132.86606,27936.006299,9.671903480032315,11.4252433176099,4.889341553119228,-0.8450158801844739,-0.2192020969203843,-0.33800420841056045,0.7471775029926078,-0.33824310680589265
2783,2783.0,Portugal,PRT,2014,1.006873,16206.07,113.62164,91605.59,2.7792624031719,100.22,135.08873,28742.313125,9.693141142399224,11.425247575001071,4.905931821797418,-0.7970097043611669,-0.22368615418660795,-0.3265405372278278,0.7603064859949865,-0.33824064433679124
2784,2784.0,Portugal,PRT,2015,1.055952,16370.65,113.15286,91605.59,2.7792624031719,53.44,133.88284,29660.845901,9.703245376357584,11.425247575001071,4.896965089144723,-0.7423217809525584,-0.2271149713552896,-0.3327364389764894,0.9227768230534227,-0.33824064433679124
2785,2785.0,Portugal,PRT,2016,1.135107,16831.06,112.79606,91605.59,2.7792624031719,42.73,136.464,31607.610185,9.730981267970385,11.425247575001071,4.916060843576753,-0.6264146529329844,-0.22972472852450684,-0.3195415080177899,1.1848102697385732,-0.33824064433679124
2786,2786.0,Portugal,PRT,2017,1.092415,17179.29,112.52071,91605.59,2.7792624031719,53.59,135.99236,33044.70015,9.751459867559694,11.425247575001071,4.912598707687507,-0.540852691519427,-0.23173873255069508,-0.3219338012466773,1.0434833553821525,-0.33824064433679124
2787,2787.0,Portugal,PRT,2018,1.094101,17243.8,112.32755,91605.59,2.7792624031719,71.36,135.25926,34928.61899,9.755207937562696,11.425247575001071,4.907193381186981,-0.42868727736989987,-0.23315157082089116,-0.32566881523827096,1.0490646628309703,-0.33824064433679124
2788,2788.0,Portugal,PRT,2019,1.063245,17740.77,112.328514,91605.59,2.7576359960526,65.89,139.80144,37299.182306,9.783620659656675,11.425247575001071,4.940223130175846,-0.2875478554047711,-0.23314451979535553,-0.30284566577630356,0.9469194536727745,-0.33824064433679124
3131,3131.0,Slovakia,SVK,2010,1.138443,7421.48,112.23852,48091.0,7.5324239462685,78.72,45.787834,25221.414441,8.912133777188185,10.780850328399447,3.824018422645622,-1.0066381929585762,-0.2338027666750824,-1.0741293615350085,1.1958537108116787,-0.7109591108016659
3132,3132.0,Slovakia,SVK,2011,1.095986,7052.64,112.368675,48088.0,7.5363437863916,108.9,45.02674,26260.184756,8.861157293795745,10.780787944718998,3.807256535512426,-0.9447915251964928,-0.23285076851263994,-1.0857116189549643,1.0553047366987172,-0.7109951934352153
3133,3133.0,Slovakia,SVK,2012,1.057376,6928.59,112.50588,48088.0,7.5515430044918,109.83,41.787235,27000.730262,8.84341160827904,10.780787944718998,3.7325909101167762,-0.9007006696811558,-0.2318472042402115,-1.1373046458547658,0.927490809890384,-0.7109951934352153
3134,3134.0,Slovakia,SVK,2013,1.042772,6860.61,112.61947,48088.0,7.5513766428215,107.29,41.73799,28021.090416,8.833551638049467,10.780787944718998,3.731411745242788,-0.8399501124782326,-0.23101636815038137,-1.1381194342495675,0.8791459617394151,-0.7109951934352153
3135,3135.0,Slovakia,SVK,2014,1.043567,6607.82,112.71989,48080.0,7.5438893510815,95.63,38.726368,29029.587681,8.796009075120363,10.780621569209089,3.6565207116957685,-0.7799058520803747,-0.2302818619426101,-1.1898682154038256,0.881777717031117,-0.7110914247975276
3136,3136.0,Slovakia,SVK,2015,1.046972,7293.4,112.82132,48082.0,7.542051079406,50.7,42.219574,30062.179649,8.894725108593855,10.780663165681714,3.742883952364533,-0.7184270328876141,-0.2295399682495785,-1.1301922805225892,0.8930495746012383,-0.7110673654559195
3137,3137.0,Slovakia,SVK,2016,1.052445,7539.58,112.96184,48080.0,7.5422150582363,42.32,44.01866,29737.53009,8.927921756532765,10.780621569209089,3.784613634926219,-0.737756131076736,-0.228512156933944,-1.101357584187873,0.9111673063138004,-0.7110914247975276
3138,3138.0,Slovakia,SVK,2017,1.038817,7682.94,113.13265,48080.0,7.5425145590682,53.71,49.12412,30147.015977,8.946757565387706,10.780621569209089,3.8943501565429717,-0.7133760181289078,-0.227262794203916,-1.025531000245624,0.8660533929611982,-0.7110914247975276
3139,3139.0,Slovakia,SVK,2018,1.012356,7808.66,113.285065,48080.0,7.5428681364393,70.14,49.682873,31374.187996,8.962988653209104,10.780621569209089,3.905660266065848,-0.6403122242853014,-0.22614797879207113,-1.0177158539616225,0.7784573215476959,-0.7110914247975276
3140,3140.0,Slovakia,SVK,2019,1.012356,8123.05,113.434525,48080.0,7.5481572379368,62.88,47.017704,33459.324263,9.00246097839333,10.780621569209089,3.8505242116347014,-0.5161666570875905,-0.2250547772603694,-1.0558141880255436,0.7784573215476959,-0.7110914247975276
3251,3251.0,Spain,ESP,2010,0.7036026,91915.84,93.228226,500010.0,3.1179616407672,77.84,817.32007,31690.887692,11.428628654753524,13.122383377204331,6.7060307806869925,-0.6214564478003286,-0.37285055550755525,0.9173056572715395,-0.24363499830271013,0.6433803307926818
3252,3252.0,Spain,ESP,2011,0.6880234,86718.38,93.54141,499880.0,3.1368654477074,108.5,779.99713,31872.363088,11.370421135687177,13.12212334859972,6.659290240189689,-0.610651702649901,-0.3705598206721178,0.8850085198617839,-0.2952081329448338,0.6432299306113359
3253,3253.0,Spain,ESP,2012,0.6931993,79535.97,93.59516,500210.0,3.086303752424,109.48,729.0678,31724.785352,11.283964651146695,13.122783289229018,6.59176673179927,-0.6194382371471564,-0.3701666747981115,0.8383506077865059,-0.27807391632304523,0.6436116393486202
3254,3254.0,Spain,ESP,2013,0.6944096,80337.11,93.28964,500210.0,3.1150916615022,106.77,685.2794,32463.123679,11.293986935147764,13.122783289229018,6.5298266383121595,-0.575478793421638,-0.3724013525176721,0.7955507665942176,-0.2740673585500298,0.6436116393486202
3255,3255.0,Spain,ESP,2014,0.696207,80611.88,93.01157,500210.0,3.099898042822,97.07,683.49054,33558.976673,11.297401312174154,13.122783289229018,6.527212815541523,-0.51023351729339,-0.37443525155367047,0.7937446472748899,-0.26811727432197213,0.6436116393486202
3256,3256.0,Spain,ESP,2015,0.6951948,83746.19,92.94511,499661.0,3.144331856999,49.51,706.52295,34945.481614,11.335545956115183,13.121685147458388,6.560355685673419,-0.42768330460608,-0.37492136271248827,0.8166459620524819,-0.2714680450216716,0.6429764756838642
3257,3257.0,Spain,ESP,2016,0.6966066,86596.43,93.02914,499564.0,3.1327317420791,40.08,730.2117,37333.06491,11.369013869682318,13.121490996991167,6.593334492100564,-0.28553054116095566,-0.374306738567507,0.8394339108321648,-0.26679444486969023,0.6428641793250764
3258,3258.0,Spain,ESP,2017,0.6817625,89249.97,93.25103,499547.3,3.1146196651829,51.69,733.9861,39601.479631,11.399196363507375,13.12145756728218,6.598490091105502,-0.15047287771944104,-0.37268375925619085,0.8429963662021807,-0.315934116222593,0.6428448436281385
3259,3259.0,Spain,ESP,2018,0.6708948,90295.92,93.667145,499603.5,3.1260791120312,69.02,748.05707,40776.768298,11.410847555660053,13.121570062813504,6.617479271855469,-0.08049813290543383,-0.36964015190061683,0.8561176560600882,-0.3519103765793641,0.6429099108861698
3260,3260.0,Spain,ESP,2019,0.6832061,91425.58,94.346405,499570.0,3.1463055962788,62.84,748.72864,43135.741954,11.423280586995272,13.121503007392173,6.618376621476831,0.05995125985771888,-0.36467181206103594,0.8567377135886783,-0.31115524585894344,0.642871126124226
3340,3340.0,Sweden,SWE,2010,0.6436636,21129.13,23.034868,407339.7,2.7397280451672,79.0,181.97824,42221.760198,9.95840793607574,12.917402760037985,5.203887119489316,0.0055342966583640935,-0.8862687709557843,-0.12065709880085851,-0.4420561057610035,0.5248198284190652
3341,3341.0,Sweden,SWE,2011,0.6095231,20749.24,23.245193,407339.7,2.7510208310165,110.67,168.72263,44608.584887,9.940264898482054,12.917402760037985,5.128256124005405,0.1476418938964702,-0.8847303820078706,-0.17291718453352964,-0.5550742712155469,0.5248198284190652
3342,3342.0,Sweden,SWE,2012,0.6206608,19573.33,23.462732,407339.7,2.733836156898,112.36,166.22845,45432.431014,9.881923204320545,12.917402760037985,5.1133630470738884,0.1966923307138223,-0.883139227397909,-0.18320811713707996,-0.5182042071748014,0.5248198284190652
3343,3343.0,Sweden,SWE,2013,0.6195832,19110.55,23.690954,407339.7,2.6898924902238,109.1,164.07562,46312.397402,9.857995817563227,12.917402760037985,5.10032741911236,0.24908407512022324,-0.8814699336740494,-0.1922155753952964,-0.5217714769890636,0.5248198284190652
3344,3344.0,Sweden,SWE,2014,0.6208115,18688.85,23.932978,407339.7,2.671234844038,97.75,160.58344,47184.673173,9.835682368326477,12.917402760037985,5.078813682871086,0.3010179329008551,-0.879699687404087,-0.2070813019827274,-0.5177053323037832,0.5248198284190652
3345,3345.0,Sweden,SWE,2015,0.6453338,18793.05,24.183018,407310.6,2.6780542732692,51.19,157.47282,49103.131953,9.841242399618165,12.917331318340825,5.059252871944954,0.415239797993247,-0.8778708093699191,-0.2205975812470627,-0.43652710237961856,0.5247785066413142
3346,3346.0,Sweden,SWE,2016,0.6893841,18088.71,24.438314,407310.6,2.6716709389178,42.41,162.5844,50430.25079,9.803043265730567,12.917331318340825,5.091197251551672,0.49425426019680124,-0.87600348715503,-0.19852440865105733,-0.2907036934160041,0.5247785066413142
3347,3347.0,Sweden,SWE,2017,0.6977271,17672.21,24.695797,407310.6,2.6697068360404,54.17,160.91228,51947.95578,9.779748628234419,12.917331318340825,5.080859371782146,0.5846159069650629,-0.8741201684745323,-0.20566775615815744,-0.2630851595811964,0.5247785066413142
3348,3348.0,Sweden,SWE,2018,0.7027359,17103.89,24.951416,407310.6,2.6775632475498,71.49,153.67223,53521.635778,9.747061201999992,12.917331318340825,5.034821957577749,0.6783102131988163,-0.8722504837272281,-0.2374790419654969,-0.2465041081282678,0.5247785066413142
3349,3349.0,Sweden,SWE,2019,0.7026491,16951.1,25.210749,407283.6,2.6760223754657,64.8,164.63118,56404.297122,9.738088007458055,12.917265027665026,5.103707699222168,0.8499391053981172,-0.8703536335143229,-0.18987984350113407,-0.2467914494607453,0.5247401642071172
3360,3360.0,Switzerland,CHE,2010,0.5896077,16321.71,197.95624,39513.23,12.966899483753,80.92,137.77156,54349.191874,9.700251402440884,10.584390831519297,4.92559695121226,0.7275815354389001,0.3931659393197352,-0.31295217517351226,-0.6210018930222987,-0.8245910091156241
3361,3361.0,Switzerland,CHE,2011,0.5826976,16142.33,200.19695,39512.63,NaN,112.51,133.62917,57493.56602,9.689200293238725,10.58437564661653,4.895068575593556,0.9147923753321703,0.40955525822847,-0.3340469064659496,-0.6438769776024141,-0.8245997920421533
3362,3362.0,Switzerland,CHE,2012,0.5867608,16260.05,202.34164,39512.03,NaN,111.3,136.13542,59440.934085,9.696466458127825,10.58436046148318,4.913650125614623,1.0307354514746054,0.42524225403353855,-0.3212072844176921,-0.6304262252738047,-0.8246085751020517
3363,3363.0,Switzerland,CHE,2013,0.588039,16171.88,204.6858,39511.43,NaN,110.35,142.49486,61656.490978,9.69102921050063,10.58434527611924,4.959305928882722,1.1626460471960136,0.44238824160582585,-0.28965968706400647,-0.6261948924261898,-0.8246173582953232
3364,3364.0,Switzerland,CHE,2014,0.6001193,16065.3,207.2018,39510.83,NaN,101.91,127.74399,63417.043081,9.68441694551192,10.5843300905247,4.850028182967378,1.2674664097148234,0.46079112568023844,-0.3651692626509606,-0.5862044604131693,-0.8246261416219733
3365,3365.0,Switzerland,CHE,2015,0.6070633,15329.33,209.57913,39510.23,13.197175930882,54.38,129.33614,65265.050827,9.637523265757467,10.584314904699553,4.862414751750627,1.3774937366784539,0.47817972997142416,-0.3566102962853263,-0.5632171538149547,-0.8246349250820061
3366,3366.0,Switzerland,CHE,2016,0.612965,15167.3,211.88623,39509.63,NaN,44.73,122.224594,67350.735189,9.626897073640839,10.584299718643795,4.805860286716505,1.501671936546619,0.4950546480350481,-0.3956887345940927,-0.5436802604752825,-0.8246437086754244
3367,3367.0,Switzerland,CHE,2017,0.6097101,14904.91,213.88,39509.63,NaN,56.31,125.23693,68193.502958,9.609445967851741,10.584299718643795,4.830207383222594,1.5518489366565376,0.5096377633693253,-0.37886519098464083,-0.5544552294047941,-0.8246437086754244
3368,3368.0,Switzerland,CHE,2018,0.6040545,14910.39,215.46779,39509.63,NaN,72.32,120.70854,70688.84449,9.609813564358348,10.584299718643795,4.793378879535921,1.7004174473792688,0.521251402202597,-0.4043132331234085,-0.5731774372384436,-0.8246437086754244
3369,3369.0,Switzerland,CHE,2019,0.60187,14868.58,217.01556,39509.63,NaN,64.57,123.37561,72668.72555,9.607005540610539,10.584299718643795,4.815233442017005,1.818296293509235,0.5325723210753528,-0.38921199980492804,-0.5804089711185992,-0.8246437086754244
3540,3540.0,Turkey,TUR,2010,1.853114,45391.99,95.1046,769630.0,1.2465730285982,78.26,381.20822,17345.833613,10.723090936745471,13.553665158862865,5.943345735031294,-1.4755372593539704,-0.35912611464815863,0.3902996907631107,3.5616891649955327,0.8928331103036774
3541,3541.0,Turkey,TUR,2011,2.232889,47385.84,96.37599,769630.0,1.2528097917181,109.81,373.02145,19590.858369,10.76607872887601,13.553665158862865,5.921635924692781,-1.3418721957715707,-0.34982673357368826,0.37529847939108685,4.818890254185767,0.8928331103036774
3542,3542.0,Turkey,TUR,2012,2.119941,62524.97,97.809906,769630.0,1.2528097917181,111.7,391.92316,20627.440729,11.043321275937627,13.553665158862865,5.971065800167788,-1.2801557952341176,-0.3393385817770089,0.4094539141245708,4.444989000491188,0.8928331103036774
3543,3543.0,Turkey,TUR,2013,2.195051,68864.93,99.497314,769630.0,1.262684666658,108.37,419.09512,22373.136543,11.139902328869393,13.553665158862865,6.038097910864188,-1.1762199516091314,-0.3269963028381231,0.45577227644972335,4.693631943836796,0.8928331103036774
3544,3544.0,Turkey,TUR,2014,2.01731,73559.26,101.49301,769630.0,1.3106297831425,99.71,431.09515,24104.984583,11.20584661885254,13.553665158862865,6.066328831399848,-1.0731085815616581,-0.3123991000814582,0.4752794945957501,4.105240978676475,0.8928331103036774
3545,3545.0,Turkey,TUR,2015,1.872837,75797.66,103.48632,769630.0,1.3163468160025,51.42,516.4031,25855.912681,11.235822700441553,13.553665158862865,6.246887662052842,-0.9688612163947948,-0.29781934934442816,0.6000434212020537,3.626979868917853,0.8928331103036774
3546,3546.0,Turkey,TUR,2016,1.777647,81841.2,105.270584,769630.0,1.3163468160025,41.28,549.4394,26695.909373,11.312536063274608,13.553665158862865,6.308898485687547,-0.9188492016296512,-0.28476863251209605,0.6428921360545858,3.3118644145566694,0.8928331103036774
3547,3547.0,Turkey,TUR,2017,1.707156,84770.02,106.661415,769630.0,1.3262216909424,52.01,576.1511,28193.061398,11.347697221534947,13.553665158862865,6.356369952683229,-0.8297112444292613,-0.27459561913367814,0.6756943346661032,3.078512134975052,0.8928331103036774
3548,3548.0,Turkey,TUR,2018,1.46748,84616.68,107.59625,769630.0,1.3402544079623,71.16,555.9552,28281.473275,11.345886689280789,13.553665158862865,6.320687715464631,-0.8244473473924644,-0.26775791637783414,0.6510383485291212,2.2850925358630554,0.8928331103036774
3549,3549.0,Turkey,TUR,2019,1.274111,82427.62,108.4699,769630.0,1.3484401595572,65.09,558.26465,28011.322789,11.319675853907304,13.553665158862865,6.3248331330987275,-0.8405316608466925,-0.26136774162759147,0.6539027810223005,1.644966889320692,0.8928331103036774
3680,3680.0,United Kingdom of Great Britain and Northern Ireland,GBR,2010,0.9167696,122438.22,259.4141,241930.0,6.6986318356549,80.6,885.20044,36495.793496,11.715361855220907,12.396403707097834,6.785814105239582,-0.33538029737809205,0.8426897362360631,0.972434951213503,0.46202963096307753,0.22347470463774963
3681,3681.0,United Kingdom of Great Britain and Northern Ireland,GBR,2011,0.8980739,120382.27,261.58954,241930.0,6.7001157359567,113.49,867.31134,37208.971903,11.698427541876955,12.396403707097834,6.7653980126654645,-0.2929188337071545,0.8586016480527722,0.9583276828716961,0.40013968453907955,0.22347470463774963
3682,3682.0,United Kingdom of Great Britain and Northern Ireland,GBR,2012,0.8718607,119413.97,263.74872,241930.0,6.6940850659282,112.62,844.02484,38340.215681,11.690351474771518,12.396403707097834,6.738181925442486,-0.2255664487904848,0.8743946286711307,0.9395217020369829,0.3133639262844252,0.22347470463774963
3683,3683.0,United Kingdom of Great Britain and Northern Ireland,GBR,2013,0.8523282,118372.5,265.78885,241930.0,6.6940850659282,110.27,823.42676,39968.102283,11.681591710941182,12.396403707097834,6.713474608200472,-0.12864477094272997,0.8893168368932023,0.9224492503387021,0.24870385051690944,0.22347470463774963
3684,3684.0,United Kingdom of Great Britain and Northern Ireland,GBR,2014,0.8403477,119993.53,267.73654,241930.0,6.8334228909189,100.07,823.3798,41281.542063,11.69519310364396,12.396403707097834,6.7134175766083555,-0.05044473718535028,0.903562907355401,0.9224098422114599,0.20904379482855837,0.22347470463774963
3685,3685.0,United Kingdom of Great Britain and Northern Ireland,GBR,2015,0.8369863,122628.13,269.60016,241930.0,6.7147935353201,53.81,846.21655,42500.909156,11.716911721516423,12.396403707097834,6.740775296118819,0.022154364263547482,0.9171940610989453,0.9413136892112176,0.1979162700014788,0.22347470463774963
3686,3686.0,United Kingdom of Great Britain and Northern Ireland,GBR,2016,0.8286993,125350.7,271.38098,241930.0,6.7197123134791,44.62,870.937,44057.689096,11.738870687934629,12.396403707097834,6.769569643582095,0.11484246897498808,0.9302195873379737,0.9612102284200295,0.17048311767149557,0.22347470463774963
3687,3687.0,United Kingdom of Great Britain and Northern Ireland,GBR,2017,0.8079019,125546.17,273.07407,241930.0,6.7350059934692,54.69,882.48535,46061.354379,11.740428858345828,12.396403707097834,6.7827421881030885,0.2341373884337921,0.9426034263672054,0.9703122943333493,0.10163573716376056,0.22347470463774963
3688,3688.0,United Kingdom of Great Britain and Northern Ireland,GBR,2018,0.7896098,123774.76,274.59595,241930.0,6.7354193361716,72.65,870.8611,47107.7092,11.726218741225523,12.396403707097834,6.7694824922641,0.29643562514807603,0.9537349769296726,0.9611500079334286,0.041081861728103734,0.22347470463774963
3689,3689.0,United Kingdom of Great Britain and Northern Ireland,GBR,2019,0.7764252,121898.74,276.02472,241930.0,6.7354193361716,65.58,853.57465,49220.202708,11.71094597907468,12.396403707097834,6.749433001795854,0.4222099972611586,0.9641854891232331,0.9472960571284337,-0.0025642273523716584,0.22347470463774963
3720,3720.0,United States of America,USA,2010,0.1186205,1707338.19,34.018646,9147420.0,2.1255282910373,76.02,9891.228,48570.289731,14.350446101661408,16.02898243027836,9.199403582732884,0.3835152527325902,-0.8059296639474045,2.6401955328404627,-2.1801503910399624,2.324553159204452
3721,3721.0,United States of America,USA,2011,0.1149904,1683056.59,34.31313,9147420.0,2.1223033379904,102.43,9694.557,49951.907651,14.336122097087747,16.02898243027836,9.179319872976242,0.46577450026642153,-0.8037757073044118,2.626317936928936,-2.192167416051797,2.324553159204452
3722,3722.0,United States of America,USA,2012,0.1126591,1669479.44,34.616463,9147420.0,1.6782502607293,101.16,9472.587,51644.991659,14.328022423225624,16.02898243027836,9.156157327331972,0.5665779239145765,-0.8015570260504595,2.6103129033654944,-2.1998849143053136,2.324553159204452
3723,3723.0,United States of America,USA,2013,0.1110327,1679496.6,34.914234,9147420.0,1.6870494631273,97.26,9627.553,53116.521969,14.334004663620409,16.02898243027836,9.17238437073753,0.6541904065493019,-0.7993790271658325,2.6215255903615646,-2.205268922866854,2.324553159204452
3724,3724.0,United States of America,USA,2014,0.1092602,1712099.04,35.204895,9147420.0,1.6718659469009,89.43,9693.266,54914.368228,14.35323068447784,16.02898243027836,9.179186696600336,0.7612312014796782,-0.7972530332517018,2.6262259136945745,-2.211136578532945,2.324553159204452
3725,3725.0,United States of America,USA,2015,0.1084496,1721926.75,35.486267,9147420.0,1.658773730735,45.81,9890.718,56520.609227,14.358954425318252,16.02898243027836,9.199352020566037,0.8568641358988621,-0.7951949822589413,2.640159904018671,-2.2138199758152766,2.324553159204452
3726,3726.0,United States of America,USA,2016,0.107639,1761641.57,35.770763,9147420.0,1.6536903301696,37.94,9961.576,57592.691515,14.381756642537704,16.02898243027836,9.20649057099286,0.9206941434781123,-0.7931140812622662,2.645092554381473,-2.2165033730976087,2.324553159204452
3727,3727.0,United States of America,USA,2017,0.1070552,1783274.96,36.052925,9147420.0,1.6503669887247,48.12,10057.775,59589.233923,14.393962096958072,16.02898243027836,9.216101246229156,1.0395649787315109,-0.7910502519394506,2.6517334125188556,-2.218435975285402,2.324553159204452
3728,3728.0,United States of America,USA,2018,0.1061102,1815592.69,36.309696,9147420.0,1.6448604918108,59.19,10299.73,62449.612827,14.411922523339113,16.02898243027836,9.239872960281913,1.2098672112797717,-0.7891721410703444,2.6681593739446035,-2.2215642881793123,2.324553159204452
3729,3729.0,United States of America,USA,2019,0.1055685,1820657.45,36.547974,9147420.0,1.6342164992971,56.33,10283.932,64690.272395,14.414708230086603,16.02898243027836,9.238337956150772,1.3432723787830705,-0.7874292943249219,2.6670987050088035,-2.2233575232000864,2.324553159204452
